30.6336704964,-96.4852192493,4.0
30.6336797064,-96.4852180126,4.0
30.6336892033,-96.4852181194,4.0
30.6336982283,-96.4852179897,4.0
30.6337077211,-96.4852177577,4.0
30.6337173465,-96.4852175806,4.0
30.6337267313,-96.4852173609,4.0
30.6337361765,-96.4852173048,4.0
30.6337453902,-96.4852173752,4.0
30.6337545573,-96.4852173564,4.0
30.6337641954,-96.4852171974,4.0
30.6337736178,-96.4852169552,4.0
30.6337828979,-96.4852168435,4.0
30.6337928708,-96.4852167581,4.0
30.6338031158,-96.4852166169,4.0
30.6338132949,-96.485216426,4.0
30.6338233119,-96.4852162326,4.0
30.6338334092,-96.4852161175,4.0
30.633843599,-96.4852161277,4.0
30.6338527462,-96.4852160888,4.0
30.6338624722,-96.4852161186,4.0
30.6338728066,-96.4852162549,4.0
30.6338818214,-96.4852164033,4.0
30.633891225,-96.485216539,4.0
30.6339009691,-96.4852165263,4.0
30.6339108318,-96.4852164552,4.0
30.6339206285,-96.4852164133,4.0
30.6339303935,-96.4852163203,4.0
30.6339400688,-96.4852162448,4.0
30.633949704,-96.4852162047,4.0
30.6339592419,-96.4852161283,4.0
30.6339688198,-96.4852160253,4.0
30.6339785515,-96.485215962,4.0
30.6339885825,-96.4852158489,4.0
30.6339990972,-96.485215746,4.0
30.6340099548,-96.4852157419,4.0
30.6340189645,-96.4852157217,4.0
30.6340281983,-96.485215665,4.0
30.6340376779,-96.4852156073,4.0
30.634047393,-96.4852155819,4.0
30.6340573527,-96.4852156005,4.0
30.6340675441,-96.4852156109,4.0
30.6340779756,-96.4852155827,4.0
30.6340885435,-96.4852156377,4.0
30.6340990862,-96.4852157843,4.0
30.6341096461,-96.4852158729,4.0
30.6341201448,-96.48521589,4.0
30.6341306304,-96.4852158961,4.0
30.6341411551,-96.4852159809,4.0
30.6341516981,-96.4852160102,4.0
30.6341623172,-96.4852158911,4.0
30.634173175,-96.4852157645,4.0
30.6341842102,-96.4852157536,4.0
30.6341954965,-96.4852157787,4.0
30.6342069769,-96.4852157189,4.0
30.6342187052,-96.4852156155,4.0
30.6342305872,-96.4852156076,4.0
30.6342396196,-96.4852156074,4.0
30.6342488005,-96.4852155857,4.0
30.6342580456,-96.4852155581,4.0
30.634267373,-96.4852155208,4.0
30.6342768459,-96.4852154897,4.0
30.6342863534,-96.4852154865,4.0
30.6342959697,-96.4852154754,4.0
30.6343056761,-96.4852154415,4.0
30.6343153883,-96.4852154111,4.0
30.6343251481,-96.4852153984,4.0
30.6343349761,-96.4852153867,4.0
30.6343447704,-96.4852153752,4.0
30.634354583,-96.4852153716,4.0
30.6343644296,-96.4852153834,4.0
30.6343742472,-96.485215389,4.0
30.6343840941,-96.485215398,4.0
30.63439397,-96.4852154143,4.0
30.6344038087,-96.4852154443,4.0
30.6344136624,-96.4852154578,4.0
30.6344235414,-96.485215475,4.0
30.6344333573,-96.4852155272,4.0
30.6344431978,-96.4852155868,4.0
30.634453047,-96.485215644,4.0
30.6344629104,-96.4852156944,4.0
30.6344727778,-96.4852157515,4.0
30.6344826301,-96.4852158103,4.0
30.6344925179,-96.485215856,4.0
30.6345023948,-96.4852159152,4.0
30.6345122518,-96.485215949,4.0
30.6345221391,-96.4852159525,4.0
30.6345320242,-96.4852159424,4.0
30.6345419099,-96.4852159099,4.0
30.6345518172,-96.4852158684,4.0
30.6345617012,-96.4852158332,4.0
30.6345715758,-96.4852158148,4.0
30.6345814713,-96.4852158206,4.0
30.6345913456,-96.4852158374,4.0
30.6346012143,-96.4852158119,4.0
30.6346111244,-96.4852157696,4.0
30.6346210207,-96.4852157503,4.0
30.6346309114,-96.4852157634,4.0
30.6346408295,-96.4852157879,4.0
30.6346507435,-96.4852157879,4.0
30.6346606525,-96.485215778,4.0
30.6346705667,-96.4852157791,4.0
30.6346804766,-96.4852158119,4.0
30.6346903946,-96.4852158673,4.0
30.6347003463,-96.4852159311,4.0
30.6347102714,-96.4852159607,4.0
30.6347202028,-96.4852159789,4.0
30.6347301719,-96.485216009,4.0
30.6347401093,-96.4852160485,4.0
30.6347500607,-96.4852161101,4.0
30.6347599884,-96.4852161749,4.0
30.634769936,-96.4852162096,4.0
30.6347799317,-96.4852161918,4.0
30.6347899161,-96.4852161892,4.0
30.634799926,-96.4852161986,4.0
30.6348099981,-96.4852162209,4.0
30.6348200764,-96.4852162224,4.0
30.6348301697,-96.4852161738,4.0
30.6348403095,-96.4852161031,4.0
30.6348504673,-96.4852160628,4.0
30.6348606554,-96.4852160455,4.0
30.6348708519,-96.4852160087,4.0
30.6348810534,-96.485215938,4.0
30.6348913126,-96.4852158613,4.0
30.6349015736,-96.4852158045,4.0
30.634911858,-96.4852157509,4.0
30.63492218,-96.4852156988,4.0
30.6349324842,-96.4852156735,4.0
30.6349428252,-96.4852156336,4.0
30.634953169,-96.485215605,4.0
30.6349635183,-96.4852155593,4.0
30.6349738719,-96.485215511,4.0
30.6349842384,-96.4852154915,4.0
30.634994619,-96.485215467,4.0
30.6350050438,-96.4852154367,4.0
30.6350154487,-96.4852154295,4.0
30.6350258495,-96.4852154184,4.0
30.6350362993,-96.4852153963,4.0
30.6350467044,-96.4852153985,4.0
30.6350571262,-96.4852154227,4.0
30.6350675489,-96.4852154712,4.0
30.6350779706,-96.4852155242,4.0
30.6350884182,-96.4852155824,4.0
30.6350988228,-96.4852156704,4.0
30.6351092292,-96.485215756,4.0
30.6351196667,-96.485215832,4.0
30.6351300687,-96.4852159408,4.0
30.6351404937,-96.4852160454,4.0
30.6351509084,-96.4852161463,4.0
30.6351613176,-96.4852162304,4.0
30.6351717586,-96.4852163209,4.0
30.6351821821,-96.4852164682,4.0
30.6351926041,-96.4852166215,4.0
30.6352030444,-96.4852167555,4.0
30.6352134507,-96.4852168984,4.0
30.635223873,-96.4852170795,4.0
30.6352342973,-96.4852172812,4.0
30.6352446972,-96.4852174815,4.0
30.6352551287,-96.4852176293,4.0
30.6352655545,-96.4852177376,4.0
30.6352759798,-96.4852178356,4.0
30.6352864368,-96.4852179254,4.0
30.6352968679,-96.4852180397,4.0
30.6353072995,-96.4852181409,4.0
30.6353177453,-96.4852182168,4.0
30.6353281712,-96.4852182664,4.0
30.6353385949,-96.4852183066,4.0
30.6353490581,-96.4852183503,4.0
30.6353594931,-96.4852184235,4.0
30.6353699181,-96.4852185287,4.0
30.6353803413,-96.4852186175,4.0
30.635390746,-96.485218654,4.0
30.635401125,-96.485218706,4.0
30.6354114783,-96.4852188047,4.0
30.6354218571,-96.4852188967,4.0
30.6354322002,-96.4852189329,4.0
30.63544251,-96.4852189412,4.0
30.6354528152,-96.4852189288,4.0
30.6354631152,-96.4852188695,4.0
30.6354734168,-96.4852186551,4.0
30.6354837111,-96.4852183068,4.0
30.6354939768,-96.4852179188,4.0
30.6355042814,-96.4852174777,4.0
30.6355145556,-96.4852169499,4.0
30.6355248065,-96.4852162824,4.0
30.6355350717,-96.485215462,4.0
30.6355453271,-96.4852145175,4.0
30.6355556139,-96.485213435,4.0
30.635565886,-96.4852121819,4.0
30.6355761261,-96.4852107408,4.0
30.6355863824,-96.485209069,4.0
30.6355966133,-96.4852071538,4.0
30.6356068349,-96.4852050318,4.0
30.635617048,-96.4852027015,4.0
30.6356272366,-96.4852002279,4.0
30.6356374117,-96.4851975416,4.0
30.6356475399,-96.4851945706,4.0
30.6356576023,-96.4851913708,4.0
30.6356676256,-96.4851879444,4.0
30.6356776379,-96.4851843318,4.0
30.6356875927,-96.4851805041,4.0
30.6356974817,-96.4851764192,4.0
30.6357073229,-96.485172072,4.0
30.6357170947,-96.4851675032,4.0
30.6357267727,-96.4851627426,4.0
30.6357363735,-96.4851577582,4.0
30.6357459072,-96.4851525582,4.0
30.6357553541,-96.4851471276,4.0
30.6357646785,-96.4851414976,4.0
30.6357739511,-96.4851356411,4.0
30.6357831735,-96.4851295799,4.0
30.6357922608,-96.4851233391,4.0
30.6358011982,-96.4851168427,4.0
30.635810033,-96.4851101288,4.0
30.635818765,-96.4851032034,4.0
30.635827362,-96.4850961428,4.0
30.6358358252,-96.4850888557,4.0
30.6358441767,-96.4850813335,4.0
30.6358523968,-96.4850735728,4.0
30.6358604602,-96.4850655724,4.0
30.6358684064,-96.4850573986,4.0
30.6358762024,-96.4850490884,4.0
30.6358838794,-96.4850406295,4.0
30.6358914212,-96.4850319949,4.0
30.635898769,-96.4850231411,4.0
30.635905967,-96.485014087,4.0
30.6359130291,-96.4850048702,4.0
30.6359199624,-96.4849955552,4.0
30.6359267583,-96.4849861044,4.0
30.635933331,-96.4849764229,4.0
30.6359396974,-96.484966537,4.0
30.6359459117,-96.4849565065,4.0
30.6359519963,-96.4849463777,4.0
30.6359579325,-96.4849360626,4.0
30.6359636662,-96.48492559,4.0
30.6359691924,-96.4849149718,4.0
30.6359745901,-96.4849042693,4.0
30.6359797829,-96.4848934135,4.0
30.6359847905,-96.4848823853,4.0
30.6359895827,-96.4848712245,4.0
30.635994191,-96.4848599555,4.0
30.6359985739,-96.4848485481,4.0
30.6360027155,-96.4848369794,4.0
30.6360066452,-96.4848253399,4.0
30.6360103718,-96.4848136355,4.0
30.6360139089,-96.484801804,4.0
30.6360172246,-96.4847898868,4.0
30.6360203279,-96.4847779194,4.0
30.6360232455,-96.4847658636,4.0
30.6360258867,-96.4847537045,4.0
30.6360282378,-96.4847414508,4.0
30.6360303497,-96.4847291471,4.0
30.6360322398,-96.4847168254,4.0
30.6360339301,-96.4847044398,4.0
30.636035348,-96.4846920106,4.0
30.6360365027,-96.4846795722,4.0
30.6360374266,-96.4846670673,4.0
30.636038085,-96.4846545451,4.0
30.6360385077,-96.4846419895,4.0
30.6360387197,-96.4846294222,4.0
30.6360386807,-96.4846168653,4.0
30.6360383853,-96.4846043049,4.0
30.636037808,-96.4845917697,4.0
30.6360369851,-96.4845792646,4.0
30.6360359596,-96.4845667715,4.0
30.6360346636,-96.4845542912,4.0
30.6360330893,-96.4845418116,4.0
30.6360312879,-96.4845293879,4.0
30.6360292824,-96.4845170095,4.0
30.6360270192,-96.4845046681,4.0
30.6360244857,-96.4844924197,4.0
30.6360216915,-96.4844802383,4.0
30.6360186688,-96.4844681365,4.0
30.6360154045,-96.4844561282,4.0
30.6360119239,-96.4844441682,4.0
30.6360081794,-96.48443229,4.0
30.6360041714,-96.4844205298,4.0
30.6359999007,-96.4844088586,4.0
30.6359953938,-96.484397266,4.0
30.635990647,-96.4843857555,4.0
30.635985653,-96.4843743557,4.0
30.635980401,-96.4843630916,4.0
30.6359749343,-96.48435197,4.0
30.6359692235,-96.4843409898,4.0
30.635963266,-96.4843301491,4.0
30.6359570736,-96.484319477,4.0
30.6359506534,-96.4843089442,4.0
30.6359439859,-96.4842985684,4.0
30.6359371005,-96.4842883692,4.0
30.6359300547,-96.4842783589,4.0
30.6359228756,-96.4842685386,4.0
30.6359155441,-96.4842589074,4.0
30.6359081153,-96.4842494941,4.0
30.6359006065,-96.4842402375,4.0
30.6358930441,-96.4842310342,4.0
30.6358854802,-96.4842218002,4.0
30.6358779739,-96.4842126206,4.0
30.6358704075,-96.4842034616,4.0
30.6358627702,-96.4841942738,4.0
30.6358550783,-96.4841851032,4.0
30.6358473663,-96.4841759562,4.0
30.635839542,-96.4841668173,4.0
30.6358316526,-96.4841576587,4.0
30.6358237258,-96.484148466,4.0
30.6358157271,-96.4841392329,4.0
30.635807621,-96.4841299596,4.0
30.6357994541,-96.4841207093,4.0
30.6357912283,-96.4841114015,4.0
30.6357829569,-96.4841020424,4.0
30.6357746868,-96.484092679,4.0
30.635766378,-96.4840832691,4.0
30.6357580025,-96.4840738073,4.0
30.6357495904,-96.4840642622,4.0
30.6357411701,-96.4840546238,4.0
30.6357327033,-96.484044899,4.0
30.6357241943,-96.4840351596,4.0
30.6357156017,-96.4840253872,4.0
30.6357069896,-96.4840155802,4.0
30.6356983501,-96.4840056913,4.0
30.6356897214,-96.4839957582,4.0
30.6356810511,-96.4839857903,4.0
30.6356722885,-96.4839757676,4.0
30.6356635304,-96.4839657244,4.0
30.6356547441,-96.4839555928,4.0
30.635645887,-96.4839454101,4.0
30.6356369715,-96.4839352387,4.0
30.6356280077,-96.4839250226,4.0
30.6356189981,-96.4839147603,4.0
30.6356099391,-96.4839044476,4.0
30.6356008659,-96.4838941234,4.0
30.635591739,-96.4838837348,4.0
30.6355825825,-96.4838733228,4.0
30.6355734159,-96.4838629056,4.0
30.63556422,-96.4838524176,4.0
30.6355549905,-96.4838418768,4.0
30.6355456896,-96.4838312827,4.0
30.6355363552,-96.483820683,4.0
30.635527011,-96.483810021,4.0
30.6355176167,-96.4837992816,4.0
30.6355082045,-96.483788558,4.0
30.6354987413,-96.4837778143,4.0
30.6354892452,-96.4837669982,4.0
30.6354797261,-96.4837561474,4.0
30.6354701657,-96.4837452577,4.0
30.6354605431,-96.4837342945,4.0
30.6354509259,-96.4837233289,4.0
30.6354413132,-96.4837123707,4.0
30.6354348588,-96.4837050073,4.0
30.6354283894,-96.4836976295,4.0
30.6354219264,-96.4836902498,4.0
30.6354154607,-96.4836828537,4.0
30.6354089733,-96.4836754371,4.0
30.6354024559,-96.483667987,4.0
30.635395936,-96.4836605432,4.0
30.6353894092,-96.4836531112,4.0
30.6353828544,-96.4836456608,4.0
30.6353762728,-96.4836381562,4.0
30.6353696704,-96.4836306263,4.0
30.635363079,-96.4836231116,4.0
30.6353564713,-96.4836156107,4.0
30.635349833,-96.4836080955,4.0
30.6353431594,-96.4836005335,4.0
30.6353364831,-96.4835929342,4.0
30.635329843,-96.4835853349,4.0
30.6353231913,-96.483577732,4.0
30.6353165239,-96.4835700799,4.0
30.6353097963,-96.4835623929,4.0
30.6353030675,-96.4835547287,4.0
30.635296343,-96.4835470591,4.0
30.6352895821,-96.4835393657,4.0
30.6352828325,-96.4835316544,4.0
30.6352761019,-96.4835239404,4.0
30.6352693972,-96.4835161902,4.0
30.6352626504,-96.4835084032,4.0
30.6352558777,-96.4835005749,4.0
30.6352491099,-96.4834927795,4.0
30.6352423254,-96.4834850067,4.0
30.6352355223,-96.4834771936,4.0
30.6352286525,-96.4834693516,4.0
30.6352217924,-96.4834614934,4.0
30.6352149348,-96.4834536421,4.0
30.6352080632,-96.4834457776,4.0
30.6352011714,-96.4834378863,4.0
30.6351942843,-96.483429999,4.0
30.6351873743,-96.4834220781,4.0
30.6351804208,-96.4834141298,4.0
30.6351734608,-96.4834061575,4.0
30.6351665028,-96.4833982004,4.0
30.6351595511,-96.4833902234,4.0
30.6351525967,-96.4833822042,4.0
30.6351456096,-96.4833741301,4.0
30.6351386044,-96.4833660278,4.0
30.6351316056,-96.483357943,4.0
30.6351246073,-96.4833498893,4.0
30.6351175918,-96.4833418052,4.0
30.6351105204,-96.4833336846,4.0
30.6351034505,-96.4833255508,4.0
30.6350964126,-96.4833174166,4.0
30.6350893625,-96.4833092748,4.0
30.6350822823,-96.4833011036,4.0
30.6350751717,-96.4832929167,4.0
30.6350680662,-96.4832847463,4.0
30.635060956,-96.4832765517,4.0
30.6350538452,-96.4832683301,4.0
30.6350467366,-96.483260108,4.0
30.6350396257,-96.483251881,4.0
30.6350325281,-96.4832436539,4.0
30.6350254233,-96.4832354456,4.0
30.63501833,-96.4832272261,4.0
30.6350112272,-96.4832190075,4.0
30.6350041107,-96.4832108058,4.0
30.634997013,-96.4832026126,4.0
30.6349898816,-96.4831944057,4.0
30.6349827408,-96.4831861679,4.0
30.6349756039,-96.4831779217,4.0
30.6349684556,-96.4831696636,4.0
30.634961291,-96.4831613657,4.0
30.6349541148,-96.4831530729,4.0
30.6349469363,-96.483144771,4.0
30.63493973,-96.4831364365,4.0
30.6349324861,-96.4831280777,4.0
30.6349252585,-96.4831197429,4.0
30.6349180419,-96.4831113992,4.0
30.6349107875,-96.483103021,4.0
30.634903496,-96.4830946018,4.0
30.6348962068,-96.4830861857,4.0
30.6348889352,-96.4830777821,4.0
30.6348816366,-96.4830693418,4.0
30.6348742824,-96.4830608576,4.0
30.6348669196,-96.483052375,4.0
30.6348595764,-96.4830438977,4.0
30.6348522419,-96.4830354154,4.0
30.6348448759,-96.4830268939,4.0
30.63483748,-96.4830183472,4.0
30.6348300808,-96.4830098277,4.0
30.6348226984,-96.4830013129,4.0
30.6348153143,-96.4829927748,4.0
30.6348079031,-96.4829841983,4.0
30.634800458,-96.4829755776,4.0
30.6347930001,-96.4829669561,4.0
30.6347855429,-96.4829583338,4.0
30.6347780869,-96.4829497085,4.0
30.6347705884,-96.482941068,4.0
30.6347630647,-96.4829324137,4.0
30.6347555711,-96.4829237598,4.0
30.6347481026,-96.4829151077,4.0
30.6347406174,-96.4829064338,4.0
30.6347331026,-96.4828977499,4.0
30.6347255721,-96.4828890538,4.0
30.6347180257,-96.4828803464,4.0
30.63471047,-96.4828716209,4.0
30.6347029008,-96.4828628654,4.0
30.6346953155,-96.4828540881,4.0
30.6346877078,-96.4828453295,4.0
30.6346801167,-96.4828365787,4.0
30.6346725183,-96.4828278081,4.0
30.6346649011,-96.4828190228,4.0
30.6346572893,-96.4828102404,4.0
30.6346496553,-96.4828014432,4.0
30.6346420019,-96.4827926079,4.0
30.6346343498,-96.4827837469,4.0
30.6346266975,-96.4827748711,4.0
30.6346190219,-96.4827659812,4.0
30.6346113331,-96.4827571097,4.0
30.6346036704,-96.4827482516,4.0
30.6345959968,-96.4827393604,4.0
30.634588305,-96.482730426,4.0
30.634580581,-96.4827215013,4.0
30.6345728327,-96.4827125495,4.0
30.6345650832,-96.4827035731,4.0
30.6345573309,-96.4826945717,4.0
30.6345495821,-96.4826855681,4.0
30.6345418463,-96.4826765782,4.0
30.6345341243,-96.4826675964,4.0
30.6345263807,-96.4826585974,4.0
30.6345186333,-96.4826495758,4.0
30.6345108724,-96.4826405468,4.0
30.634503117,-96.482631512,4.0
30.6344953325,-96.4826224525,4.0
30.6344875406,-96.4826133546,4.0
30.6344797234,-96.4826042572,4.0
30.6344718948,-96.4825951751,4.0
30.6344640789,-96.4825860993,4.0
30.6344562507,-96.4825770189,4.0
30.6344483711,-96.4825678906,4.0
30.6344404772,-96.4825587463,4.0
30.6344325763,-96.4825496156,4.0
30.6344246327,-96.4825404568,4.0
30.6344166907,-96.4825312687,4.0
30.6344087437,-96.4825220863,4.0
30.6344008077,-96.4825129239,4.0
30.634392828,-96.4825037284,4.0
30.634384885,-96.4824945465,4.0
30.6343769604,-96.4824853756,4.0
30.6343689814,-96.482476136,4.0
30.6343609773,-96.4824668393,4.0
30.6343530211,-96.4824575835,4.0
30.6343450845,-96.4824483436,4.0
30.6343370753,-96.4824390878,4.0
30.6343290349,-96.4824297859,4.0
30.6343209771,-96.4824205103,4.0
30.6343129463,-96.4824112737,4.0
30.6343049437,-96.4824020532,4.0
30.6342969095,-96.482392809,4.0
30.6342888082,-96.4823835092,4.0
30.6342807004,-96.4823742294,4.0
30.6342726236,-96.4823649782,4.0
30.6342645234,-96.4823557095,4.0
30.6342563968,-96.4823463914,4.0
30.6342482908,-96.4823370661,4.0
30.6342401919,-96.4823277651,4.0
30.6342321249,-96.4823185127,4.0
30.6342240638,-96.4823092555,4.0
30.6342159361,-96.4822999365,4.0
30.6342077902,-96.482290588,4.0
30.6341996828,-96.4822812642,4.0
30.6341915746,-96.4822719427,4.0
30.6341834166,-96.4822625668,4.0
30.6341752616,-96.48225321,4.0
30.6341671285,-96.482243883,4.0
30.6341589883,-96.4822345575,4.0
30.6341508521,-96.4822252163,4.0
30.6341427085,-96.4822158963,4.0
30.6341345303,-96.4822065647,4.0
30.6341263302,-96.4821971713,4.0
30.6341181669,-96.4821877691,4.0
30.6341100191,-96.4821783611,4.0
30.6341018677,-96.4821689365,4.0
30.6340936991,-96.4821594868,4.0
30.6340855122,-96.4821500734,4.0
30.6340773408,-96.4821407055,4.0
30.6340692064,-96.4821313057,4.0
30.6340610815,-96.4821218608,4.0
30.6340529262,-96.4821123691,4.0
30.6340447815,-96.4821028756,4.0
30.6340366425,-96.4820934025,4.0
30.6340285012,-96.4820839224,4.0
30.6340204043,-96.4820744236,4.0
30.6340122745,-96.4820649247,4.0
30.6340041116,-96.4820554163,4.0
30.6339959523,-96.4820459148,4.0
30.6339878063,-96.4820364197,4.0
30.6339796371,-96.4820269054,4.0
30.6339714667,-96.4820173791,4.0
30.633963289,-96.4820078564,4.0
30.6339551209,-96.481998365,4.0
30.6339469448,-96.4819888655,4.0
30.6339387489,-96.4819793541,4.0
30.633930554,-96.4819698364,4.0
30.633922378,-96.4819603306,4.0
30.633914202,-96.4819507912,4.0
30.6339059798,-96.4819412418,4.0
30.6338977434,-96.4819317306,4.0
30.6338895281,-96.481922235,4.0
30.6338813242,-96.481912702,4.0
30.6338731083,-96.4819031748,4.0
30.6338649012,-96.4818936754,4.0
30.6338566683,-96.4818842057,4.0
30.6338484238,-96.4818746863,4.0
30.633840203,-96.4818651446,4.0
30.6338319702,-96.4818555694,4.0
30.6338237615,-96.4818459971,4.0
30.6338155445,-96.4818364279,4.0
30.6338073327,-96.4818268317,4.0
30.633799074,-96.4818172623,4.0
30.6337908284,-96.4818077061,4.0
30.6337825688,-96.4817981739,4.0
30.6337742833,-96.4817886503,4.0
30.633765983,-96.4817791302,4.0
30.6337576808,-96.4817695639,4.0
30.6337493902,-96.4817599719,4.0
30.6337411277,-96.4817503797,4.0
30.633732856,-96.481740804,4.0
30.6337245574,-96.4817312238,4.0
30.6337162591,-96.4817216357,4.0
30.6337079922,-96.4817120577,4.0
30.6336996929,-96.481702514,4.0
30.6336913673,-96.4816929806,4.0
30.6336830495,-96.48168343,4.0
30.6336747785,-96.4816738545,4.0
30.6336665073,-96.4816642957,4.0
30.6336582388,-96.4816547653,4.0
30.6336499445,-96.4816451976,4.0
30.6336416271,-96.4816356156,4.0
30.6336333152,-96.4816260235,4.0
30.6336250047,-96.4816163963,4.0
30.6336166698,-96.4816067718,4.0
30.6336083187,-96.4815971628,4.0
30.6335999474,-96.481587551,4.0
30.6335916024,-96.4815779454,4.0
30.6335832634,-96.4815683423,4.0
30.6335749185,-96.4815586985,4.0
30.633566577,-96.481549036,4.0
30.6335582313,-96.4815394047,4.0
30.6335498967,-96.4815297716,4.0
30.6335415498,-96.4815201303,4.0
30.6335332212,-96.4815104824,4.0
30.6335248944,-96.4815008578,4.0
30.633516525,-96.4814912143,4.0
30.6335081568,-96.481481564,4.0
30.6334997936,-96.4814719307,4.0
30.6334914306,-96.4814622796,4.0
30.6334830343,-96.4814526241,4.0
30.6334746658,-96.4814429811,4.0
30.633466304,-96.4814333459,4.0
30.6334579478,-96.4814236737,4.0
30.6334495672,-96.4814139909,4.0
30.6334411808,-96.4814042869,4.0
30.6334328071,-96.481394588,4.0
30.633424418,-96.4813848771,4.0
30.633415999,-96.4813751593,4.0
30.6334075788,-96.4813654527,4.0
30.6333991829,-96.4813557548,4.0
30.6333907751,-96.4813460616,4.0
30.6333823599,-96.4813363578,4.0
30.6333739406,-96.4813266492,4.0
30.6333655262,-96.4813169425,4.0
30.6333570937,-96.4813072577,4.0
30.6333486712,-96.4812975761,4.0
30.6333402493,-96.48128787,4.0
30.6333318259,-96.4812781457,4.0
30.6333234009,-96.4812684439,4.0
30.6333149989,-96.4812587483,4.0
30.6333065775,-96.481249041,4.0
30.6332981537,-96.4812393311,4.0
30.6332897595,-96.4812296523,4.0
30.6332813545,-96.4812199887,4.0
30.6332729449,-96.48121031,4.0
30.633264549,-96.4812006395,4.0
30.6332561797,-96.4811909864,4.0
30.6332477998,-96.4811813553,4.0
30.6332394168,-96.4811717292,4.0
30.6332310385,-96.4811621443,4.0
30.633222665,-96.4811525627,4.0
30.6332143149,-96.4811429544,4.0
30.6332060129,-96.4811333461,4.0
30.6331977135,-96.4811237823,4.0
30.6331893735,-96.4811142595,4.0
30.6331810063,-96.4811047007,4.0
30.6331727042,-96.4810951931,4.0
30.6331644382,-96.4810857094,4.0
30.6331561624,-96.4810762186,4.0
30.633147905,-96.4810667328,4.0
30.6331396591,-96.4810572902,4.0
30.6331314105,-96.4810478421,4.0
30.6331231654,-96.4810383994,4.0
30.6331149663,-96.4810289769,4.0
30.6331067764,-96.4810195525,4.0
30.6330985692,-96.4810101249,4.0
30.6330903956,-96.4810007465,4.0
30.6330822573,-96.480991396,4.0
30.6330741261,-96.4809820645,4.0
30.6330659753,-96.4809727224,4.0
30.6330578476,-96.4809634049,4.0
30.6330497455,-96.4809541295,4.0
30.6330416703,-96.4809448436,4.0
30.6330335931,-96.4809355634,4.0
30.6330255312,-96.4809263039,4.0
30.6330174847,-96.4809170676,4.0
30.6330094583,-96.4809078528,4.0
30.6330014505,-96.4808986679,4.0
30.632993455,-96.480889505,4.0
30.6329854737,-96.4808803311,4.0
30.6329775256,-96.4808711794,4.0
30.6329696124,-96.4808620671,4.0
30.6329617101,-96.4808529378,4.0
30.6329537873,-96.4808437918,4.0
30.6329458559,-96.4808346616,4.0
30.6329379601,-96.4808255671,4.0
30.6329300933,-96.4808165019,4.0
30.6329222364,-96.4808074349,4.0
30.632914388,-96.4807983915,4.0
30.632906569,-96.4807893764,4.0
30.6328987698,-96.4807803727,4.0
30.6328910059,-96.4807713848,4.0
30.632883259,-96.4807623999,4.0
30.6328755087,-96.4807534175,4.0
30.6328677691,-96.48074444,4.0
30.6328600593,-96.4807355018,4.0
30.6328523831,-96.480726594,4.0
30.6328446957,-96.4807176813,4.0
30.6328369955,-96.4807087629,4.0
30.6328293186,-96.4806998756,4.0
30.6328216807,-96.4806910313,4.0
30.6328140505,-96.4806822052,4.0
30.6328064212,-96.4806733805,4.0
30.632798831,-96.4806645724,4.0
30.6327912615,-96.4806557926,4.0
30.6327836904,-96.4806470028,4.0
30.6327761271,-96.4806382247,4.0
30.6327686003,-96.4806294627,4.0
30.6327610975,-96.4806207192,4.0
30.6327535751,-96.4806119862,4.0
30.6327460846,-96.4806032721,4.0
30.6327386386,-96.4805945951,4.0
30.6327312217,-96.4805859324,4.0
30.6327237939,-96.480577251,4.0
30.6327163475,-96.4805685823,4.0
30.6327089233,-96.4805599446,4.0
30.6327015345,-96.4805513478,4.0
30.6326941745,-96.4805427754,4.0
30.6326868571,-96.4805342356,4.0
30.6326795839,-96.4805257199,4.0
30.6326723383,-96.4805171854,4.0
30.6326651153,-96.4805086224,4.0
30.6326578944,-96.4805000092,4.0
30.6326506841,-96.4804913692,4.0
30.6326435087,-96.4804827175,4.0
30.6326363921,-96.4804740717,4.0
30.6326293455,-96.480465404,4.0
30.632622372,-96.4804567514,4.0
30.6326154365,-96.4804481354,4.0
30.6326085307,-96.4804395222,4.0
30.632601643,-96.4804309104,4.0
30.6325948026,-96.480422282,4.0
30.632587978,-96.4804136411,4.0
30.6325811655,-96.4804049811,4.0
30.6325743739,-96.4803963028,4.0
30.6325676272,-96.480387647,4.0
30.6325609014,-96.480378976,4.0
30.6325541787,-96.4803702643,4.0
30.6325474906,-96.4803615461,4.0
30.6325408296,-96.4803528386,4.0
30.6325341928,-96.4803441171,4.0
30.6325275922,-96.4803353885,4.0
30.6325210273,-96.4803266505,4.0
30.6325144818,-96.480317907,4.0
30.6325079618,-96.4803091623,4.0
30.6325014798,-96.4803003798,4.0
30.6324950119,-96.4802915889,4.0
30.6324885579,-96.4802827962,4.0
30.6324821473,-96.4802740146,4.0
30.6324757758,-96.4802652465,4.0
30.632469436,-96.4802564545,4.0
30.6324631066,-96.4802476383,4.0
30.6324568302,-96.4802388211,4.0
30.6324505683,-96.4802300075,4.0
30.6324443322,-96.4802211969,4.0
30.6324381243,-96.4802123842,4.0
30.6324319366,-96.480203561,4.0
30.6324257642,-96.4801947276,4.0
30.632419638,-96.4801858858,4.0
30.632413557,-96.4801770456,4.0
30.6324075071,-96.4801681961,4.0
30.632401464,-96.4801593476,4.0
30.6323954065,-96.4801504869,4.0
30.6323893938,-96.4801416423,4.0
30.6323834322,-96.480132796,4.0
30.632377499,-96.4801239127,4.0
30.6323716048,-96.4801150301,4.0
30.6323657319,-96.4801061666,4.0
30.6323598682,-96.4800972912,4.0
30.6323540628,-96.4800884393,4.0
30.6323482618,-96.4800795754,4.0
30.6323424911,-96.4800707047,4.0
30.6323367507,-96.4800618325,4.0
30.6323310449,-96.4800529502,4.0
30.6323253778,-96.4800440767,4.0
30.6323197111,-96.4800352121,4.0
30.6323140562,-96.4800263491,4.0
30.6323084332,-96.4800174664,4.0
30.6323028666,-96.4800086138,4.0
30.632297318,-96.4799997735,4.0
30.6322917684,-96.4799909303,4.0
30.6322862368,-96.4799821083,4.0
30.6322807505,-96.4799732915,4.0
30.6322753004,-96.4799644524,4.0
30.632269881,-96.479955598,4.0
30.6322644879,-96.4799467482,4.0
30.6322590956,-96.4799378918,4.0
30.6322537532,-96.4799290453,4.0
30.6322484546,-96.479920202,4.0
30.6322431702,-96.4799113357,4.0
30.6322379266,-96.4799024848,4.0
30.6322327306,-96.4798936704,4.0
30.6322275612,-96.47988486,4.0
30.6322223898,-96.4798760347,4.0
30.6322172254,-96.47986718,4.0
30.6322120722,-96.4798583411,4.0
30.632206966,-96.4798495285,4.0
30.6322018736,-96.479840697,4.0
30.6321967888,-96.4798318368,4.0
30.6321917379,-96.4798229932,4.0
30.6321867022,-96.4798141805,4.0
30.6321816984,-96.4798053806,4.0
30.6321767083,-96.4797965891,4.0
30.6321717095,-96.4797878029,4.0
30.6321667299,-96.4797790281,4.0
30.6321593316,-96.4797659515,4.0
30.6321519863,-96.4797529075,4.0
30.6321446817,-96.4797398965,4.0
30.6321374287,-96.4797269263,4.0
30.6321302179,-96.4797140168,4.0
30.6321230014,-96.4797011564,4.0
30.6321157864,-96.4796883503,4.0
30.6321086025,-96.4796756264,4.0
30.6321014349,-96.479662977,4.0
30.6320942617,-96.4796504005,4.0
30.6320871381,-96.47963791,4.0
30.6320799874,-96.4796254749,4.0
30.6320727973,-96.4796131192,4.0
30.6320656307,-96.479600834,4.0
30.6320585128,-96.4795885852,4.0
30.6320514538,-96.4795765038,4.0
30.6320443316,-96.4795645054,4.0
30.6320371537,-96.4795526121,4.0
30.6320299948,-96.4795407873,4.0
30.6320228431,-96.4795289691,4.0
30.6320156645,-96.4795172164,4.0
30.6320084688,-96.479505568,4.0
30.6320012894,-96.4794940625,4.0
30.6319941186,-96.4794826341,4.0
30.6319869358,-96.4794712503,4.0
30.6319797652,-96.4794599897,4.0
30.6319724752,-96.4794487908,4.0
30.6319651516,-96.4794377706,4.0
30.6319578964,-96.4794268375,4.0
30.6319506483,-96.4794158718,4.0
30.6319434403,-96.4794050821,4.0
30.6319361246,-96.479394445,4.0
30.6319286891,-96.4793838721,4.0
30.6319212563,-96.4793733804,4.0
30.6319138561,-96.4793630044,4.0
30.6319063481,-96.4793527596,4.0
30.6318988232,-96.4793425583,4.0
30.6318913775,-96.4793326049,4.0
30.6318837553,-96.4793227395,4.0
30.6318761289,-96.4793129648,4.0
30.6318686566,-96.4793032246,4.0
30.6318612378,-96.4792935277,4.0
30.6318537389,-96.4792838693,4.0
30.6318463879,-96.4792743017,4.0
30.6318389073,-96.4792647307,4.0
30.6318313351,-96.4792554328,4.0
30.6318237391,-96.4792463481,4.0
30.6318162588,-96.4792372708,4.0
30.6318088765,-96.4792282853,4.0
30.6318015745,-96.479219523,4.0
30.6317943531,-96.4792109835,4.0
30.6317871845,-96.479202678,4.0
30.6317800805,-96.4791945573,4.0
30.6317731151,-96.4791865846,4.0
30.6317663729,-96.4791786806,4.0
30.6317598504,-96.4791708571,4.0
30.6317534046,-96.4791631934,4.0
30.6317470236,-96.4791556384,4.0
30.6317407371,-96.4791480399,4.0
30.6317346442,-96.4791402998,4.0
30.631726763,-96.4791299057,4.0
30.6317190156,-96.4791196244,4.0
30.6317112351,-96.4791094906,4.0
30.6317036954,-96.4790992764,4.0
30.6316965378,-96.4790888451,4.0
30.6316895738,-96.4790783188,4.0
30.6316827018,-96.479067813,4.0
30.6316760799,-96.4790571819,4.0
30.6316698694,-96.4790462575,4.0
30.6316639038,-96.4790351842,4.0
30.6316580177,-96.4790240314,4.0
30.6316523511,-96.4790127535,4.0
30.6316469627,-96.4790012409,4.0
30.6316418516,-96.4789896078,4.0
30.6316368389,-96.4789779024,4.0
30.6316320307,-96.4789660624,4.0
30.6316274884,-96.4789540877,4.0
30.6316231704,-96.4789419939,4.0
30.6316190337,-96.4789298206,4.0
30.6316150935,-96.4789175376,4.0
30.6316113216,-96.4789051801,4.0
30.6316077936,-96.4788927404,4.0
30.6316045177,-96.478880208,4.0
30.6316015162,-96.4788676052,4.0
30.6315987136,-96.4788549752,4.0
30.6315960727,-96.4788422632,4.0
30.6315936751,-96.4788295382,4.0
30.631591507,-96.4788167549,4.0
30.6315895985,-96.4788040063,4.0
30.6315878915,-96.4787912309,4.0
30.6315864462,-96.4787784429,4.0
30.6315852471,-96.4787656772,4.0
30.6315842499,-96.4787529004,4.0
30.6315834856,-96.4787400816,4.0
30.6315830018,-96.4787273239,4.0
30.6315828013,-96.4787144802,4.0
30.6315828759,-96.4787016662,4.0
30.6315831548,-96.4786889226,4.0
30.6315836403,-96.4786761946,4.0
30.6315843263,-96.4786635531,4.0
30.631585262,-96.4786509501,4.0
30.6315864007,-96.4786383286,4.0
30.6315876851,-96.4786257734,4.0
30.6315891692,-96.4786132558,4.0
30.6315908902,-96.4786008444,4.0
30.6315928806,-96.4785885052,4.0
30.6315950729,-96.478576281,4.0
30.6315974341,-96.4785640676,4.0
30.6316000017,-96.4785519131,4.0
30.631602759,-96.4785398645,4.0
30.6316057651,-96.478527822,4.0
30.6316089747,-96.4785159133,4.0
30.6316123495,-96.4785040832,4.0
30.6316158812,-96.4784923399,4.0
30.6316195583,-96.4784805918,4.0
30.6316234333,-96.4784689869,4.0
30.6316275395,-96.4784574928,4.0
30.6316317881,-96.4784460575,4.0
30.6316361413,-96.4784346813,4.0
30.6316406373,-96.4784234452,4.0
30.6316454389,-96.4784123668,4.0
30.631650475,-96.4784014591,4.0
30.6316556286,-96.478390617,4.0
30.6316609511,-96.4783799459,4.0
30.631666495,-96.4783694084,4.0
30.6316722197,-96.4783590052,4.0
30.6316780107,-96.478348689,4.0
30.6316839896,-96.4783385529,4.0
30.6316902379,-96.4783286153,4.0
30.6316966094,-96.4783187957,4.0
30.6317030373,-96.4783090136,4.0
30.6317096558,-96.4782994402,4.0
30.6317164923,-96.478290067,4.0
30.6317234989,-96.478280816,4.0
30.6317305486,-96.4782716504,4.0
30.6317377495,-96.4782625825,4.0
30.6317450192,-96.478253553,4.0
30.6317523096,-96.4782445677,4.0
30.6317597184,-96.478235669,4.0
30.6317671513,-96.4782268086,4.0
30.6317745727,-96.4782179321,4.0
30.6317820463,-96.4782090767,4.0
30.6317896503,-96.4782003344,4.0
30.6317972894,-96.478191547,4.0
30.6318048371,-96.4781826032,4.0
30.6318123436,-96.4781736358,4.0
30.6318199286,-96.4781646995,4.0
30.6318275914,-96.4781559247,4.0
30.6318352467,-96.4781470833,4.0
30.6318428933,-96.4781382699,4.0
30.6318505882,-96.4781294949,4.0
30.6318583003,-96.4781207538,4.0
30.6318660203,-96.4781119961,4.0
30.6318737614,-96.4781032688,4.0
30.6318815388,-96.4780945486,4.0
30.6318893364,-96.4780858653,4.0
30.6318971299,-96.4780771073,4.0
30.6319049118,-96.4780683544,4.0
30.6319126454,-96.4780595066,4.0
30.6319204151,-96.4780506196,4.0
30.6319281799,-96.4780417721,4.0
30.6319359869,-96.4780328208,4.0
30.6319436998,-96.4780238138,4.0
30.6319514599,-96.4780147446,4.0
30.6319592114,-96.4780056885,4.0
30.6319670021,-96.4779966396,4.0
30.631974782,-96.4779875841,4.0
30.6319825978,-96.4779785502,4.0
30.6319904145,-96.4779694312,4.0
30.631998245,-96.477960244,4.0
30.6320061828,-96.4779511857,4.0
30.6320142175,-96.4779421739,4.0
30.6320221778,-96.477933025,4.0
30.6320300996,-96.4779237474,4.0
30.6320381031,-96.4779145512,4.0
30.6320462286,-96.4779053811,4.0
30.6320543299,-96.4778960526,4.0
30.6320624158,-96.4778867084,4.0
30.632070606,-96.4778773835,4.0
30.6320788149,-96.4778680383,4.0
30.6320870101,-96.4778586675,4.0
30.6320952105,-96.477849254,4.0
30.6321034517,-96.4778398873,4.0
30.632111779,-96.4778305342,4.0
30.632120061,-96.4778211492,4.0
30.6321282899,-96.4778116851,4.0
30.6321365104,-96.4778021763,4.0
30.6321447255,-96.4777928389,4.0
30.6321529827,-96.4777834995,4.0
30.6321611641,-96.4777741093,4.0
30.6321693258,-96.4777646556,4.0
30.6321775111,-96.4777551928,4.0
30.6321857242,-96.4777457614,4.0
30.6321939541,-96.4777363146,4.0
30.6322021642,-96.4777268904,4.0
30.6322103705,-96.4777175164,4.0
30.6322185355,-96.4777081079,4.0
30.6322266716,-96.4776987445,4.0
30.6322347637,-96.4776893761,4.0
30.6322428582,-96.4776799945,4.0
30.6322509198,-96.4776706919,4.0
30.6322589554,-96.4776614116,4.0
30.6322669214,-96.4776522465,4.0
30.6322747737,-96.4776430902,4.0
30.6322825229,-96.4776340792,4.0
30.6322902784,-96.4776250768,4.0
30.632297972,-96.4776161575,4.0
30.6323056577,-96.4776072347,4.0
30.6323132736,-96.4775983707,4.0
30.6323208728,-96.4775895488,4.0
30.632328388,-96.4775808377,4.0
30.6323358428,-96.4775721736,4.0
30.6323432139,-96.4775636282,4.0
30.6323505814,-96.4775550903,4.0
30.6323579126,-96.4775465936,4.0
30.6323652579,-96.4775380857,4.0
30.6323725826,-96.4775295629,4.0
30.6323798661,-96.4775211489,4.0
30.6323871618,-96.4775127145,4.0
30.6323943907,-96.4775042579,4.0
30.6324016206,-96.4774957681,4.0
30.6324088789,-96.4774873416,4.0
30.6324162002,-96.4774789034,4.0
30.6324234763,-96.4774704019,4.0
30.6324307519,-96.4774618712,4.0
30.6324380203,-96.4774534606,4.0
30.6324453644,-96.4774450488,4.0
30.6324526599,-96.4774365935,4.0
30.6324599277,-96.4774280693,4.0
30.6324672188,-96.4774195733,4.0
30.6324745606,-96.4774110565,4.0
30.6324818753,-96.4774025292,4.0
30.6324891954,-96.4773939577,4.0
30.6324964966,-96.477385404,4.0
30.6325038377,-96.4773768633,4.0
30.632511171,-96.4773682994,4.0
30.6325185024,-96.4773597275,4.0
30.6325258691,-96.4773511023,4.0
30.632533239,-96.4773424421,4.0
30.6325406329,-96.4773338131,4.0
30.6325480461,-96.4773252146,4.0
30.6325554324,-96.477316627,4.0
30.6325627934,-96.4773079961,4.0
30.6325700978,-96.4772993761,4.0
30.6325774485,-96.4772907459,4.0
30.6325848095,-96.4772821556,4.0
30.6325921418,-96.4772735541,4.0
30.6325994489,-96.4772649345,4.0
30.6326067029,-96.4772563697,4.0
30.63261399,-96.477247816,4.0
30.6326212417,-96.4772393509,4.0
30.6326284891,-96.4772308617,4.0
30.6326357089,-96.477222415,4.0
30.632642922,-96.4772140658,4.0
30.6326502116,-96.4772058514,4.0
30.6326575053,-96.4771977007,4.0
30.6326646999,-96.4771895648,4.0
30.6326718542,-96.4771814373,4.0
30.6326789911,-96.4771733319,4.0
30.6326861257,-96.477165299,4.0
30.6326932975,-96.4771572452,4.0
30.6327004519,-96.4771492576,4.0
30.6327076007,-96.4771412171,4.0
30.6327147876,-96.4771331793,4.0
30.6327219799,-96.4771251499,4.0
30.6327291746,-96.4771171404,4.0
30.6327364201,-96.4771091065,4.0
30.6327436139,-96.4771010265,4.0
30.6327508777,-96.4770928824,4.0
30.6327581257,-96.4770847147,4.0
30.6327654065,-96.4770764819,4.0
30.6327727137,-96.477068094,4.0
30.6327800131,-96.4770596827,4.0
30.6327873863,-96.477051179,4.0
30.6327947786,-96.4770426137,4.0
30.6328022289,-96.4770340293,4.0
30.6328097446,-96.4770253416,4.0
30.6328172872,-96.4770165686,4.0
30.632824781,-96.4770077301,4.0
30.6328323624,-96.4769987641,4.0
30.6328400203,-96.4769897607,4.0
30.6328477792,-96.4769806618,4.0
30.6328555436,-96.4769714823,4.0
30.6328634181,-96.4769621357,4.0
30.6328712933,-96.4769526503,4.0
30.6328792085,-96.4769430993,4.0
30.632887259,-96.476933448,4.0
30.6328953945,-96.476923781,4.0
30.6329035856,-96.4769139141,4.0
30.6329117797,-96.4769039178,4.0
30.6329180226,-96.4768963798,4.0
30.6329243563,-96.4768888566,4.0
30.6329307015,-96.4768813459,4.0
30.6329370884,-96.476873753,4.0
30.6329435424,-96.4768661367,4.0
30.6329500379,-96.4768584689,4.0
30.6329565351,-96.476850735,4.0
30.6329630501,-96.4768429431,4.0
30.6329696945,-96.4768351586,4.0
30.6329764511,-96.476827424,4.0
30.6329832018,-96.476819724,4.0
30.6329898544,-96.476811815,4.0
30.6329964644,-96.4768037907,4.0
30.6330031829,-96.4767957464,4.0
30.6330100397,-96.4767878253,4.0
30.6330169165,-96.4767799612,4.0
30.6330237986,-96.4767719563,4.0
30.6330306415,-96.4767638802,4.0
30.6330375163,-96.4767557625,4.0
30.633044478,-96.4767476245,4.0
30.6330514747,-96.4767395576,4.0
30.6330585466,-96.4767314585,4.0
30.6330656235,-96.4767233081,4.0
30.6330726594,-96.4767152019,4.0
30.6330797356,-96.4767069685,4.0
30.633086831,-96.4766986861,4.0
30.6330938848,-96.476690578,4.0
30.6331010388,-96.4766823953,4.0
30.6331082371,-96.4766741584,4.0
30.6331153343,-96.4766660406,4.0
30.63312237,-96.4766578612,4.0
30.6331295586,-96.4766495695,4.0
30.6331368133,-96.476641322,4.0
30.6331440351,-96.4766331965,4.0
30.6331512577,-96.476625023,4.0
30.6331584789,-96.4766167314,4.0
30.6331656944,-96.4766084187,4.0
30.6331729155,-96.4766001773,4.0
30.6331801507,-96.4765919299,4.0
30.6331874387,-96.4765836109,4.0
30.6331946791,-96.4765753256,4.0
30.6332018636,-96.4765670177,4.0
30.6332090798,-96.4765586598,4.0
30.6332163245,-96.4765502517,4.0
30.6332235666,-96.4765418573,4.0
30.6332308013,-96.476533493,4.0
30.6332380881,-96.4765250642,4.0
30.6332453794,-96.4765166067,4.0
30.6332526203,-96.4765082059,4.0
30.6332598763,-96.4764997482,4.0
30.6332671664,-96.4764912325,4.0
30.633274457,-96.4764827802,4.0
30.6332817671,-96.4764743346,4.0
30.6332890408,-96.4764658841,4.0
30.6332962979,-96.4764574258,4.0
30.6333035414,-96.476448927,4.0
30.6333107755,-96.4764404926,4.0
30.6333180228,-96.476432037,4.0
30.6333252699,-96.4764235614,4.0
30.6333325295,-96.476415126,4.0
30.6333398105,-96.4764066411,4.0
30.6333470652,-96.4763981644,4.0
30.6333542885,-96.4763897137,4.0
30.633361511,-96.4763811876,4.0
30.6333687092,-96.4763726779,4.0
30.6333759137,-96.4763641962,4.0
30.6333831584,-96.4763557066,4.0
30.6333904125,-96.4763471912,4.0
30.6333976228,-96.4763385956,4.0
30.6334048915,-96.4763299934,4.0
30.6334121054,-96.4763214444,4.0
30.63341938,-96.4763128225,4.0
30.6334267251,-96.4763042567,4.0
30.633434081,-96.4762958015,4.0
30.6334414159,-96.4762872817,4.0
30.6334486859,-96.4762786218,4.0
30.6334559639,-96.4762699899,4.0
30.6334633409,-96.4762614658,4.0
30.6334707432,-96.4762529072,4.0
30.6334781116,-96.4762443296,4.0
30.6334854922,-96.4762357196,4.0
30.6334928866,-96.4762271262,4.0
30.633500317,-96.4762185462,4.0
30.6335077433,-96.4762100118,4.0
30.6335151818,-96.4762015129,4.0
30.6335226239,-96.4761929165,4.0
30.6335300374,-96.4761842939,4.0
30.6335374528,-96.4761756355,4.0
30.6335449051,-96.4761670026,4.0
30.6335524167,-96.4761583684,4.0
30.6335599026,-96.4761497354,4.0
30.633567333,-96.4761410524,4.0
30.6335747234,-96.4761322725,4.0
30.6335821555,-96.4761235789,4.0
30.6335896717,-96.4761149713,4.0
30.633597187,-96.4761063997,4.0
30.6336046702,-96.4760978565,4.0
30.6336120916,-96.4760893266,4.0
30.6336194802,-96.4760807659,4.0
30.6336268173,-96.4760722508,4.0
30.6336341466,-96.4760637521,4.0
30.6336414804,-96.4760552791,4.0
30.6336487892,-96.4760468625,4.0
30.6336560635,-96.4760384361,4.0
30.6336633558,-96.4760301331,4.0
30.6336707012,-96.476021894,4.0
30.6336780326,-96.4760136972,4.0
30.6336854306,-96.4760055804,4.0
30.6336929578,-96.4759975985,4.0
30.6337005465,-96.4759897307,4.0
30.6337081484,-96.4759819128,4.0
30.6337157305,-96.4759740721,4.0
30.6337233455,-96.4759663073,4.0
30.633731007,-96.4759586492,4.0
30.6337387332,-96.4759510182,4.0
30.6337464939,-96.4759435253,4.0
30.6337542632,-96.4759361375,4.0
30.6337621295,-96.4759288331,4.0
30.6337700043,-96.475921617,4.0
30.6337778197,-96.4759144174,4.0
30.6337856648,-96.4759072384,4.0
30.6337935867,-96.4759002309,4.0
30.6338015794,-96.4758933949,4.0
30.6338095733,-96.4758866288,4.0
30.6338175222,-96.4758798335,4.0
30.633825446,-96.4758730689,4.0
30.6338333901,-96.4758664338,4.0
30.6338413652,-96.4758599235,4.0
30.6338493501,-96.4758535371,4.0
30.6338573382,-96.4758472206,4.0
30.6338653211,-96.4758409934,4.0
30.6338733328,-96.4758348146,4.0
30.6338813594,-96.4758286852,4.0
30.6338893723,-96.4758226735,4.0
30.6338974485,-96.4758167367,4.0
30.6339055616,-96.4758109332,4.0
30.6339136669,-96.4758052048,4.0
30.6339217737,-96.4757995103,4.0
30.6339298531,-96.4757939081,4.0
30.6339379486,-96.4757883878,4.0
30.6339460748,-96.4757829378,4.0
30.633954203,-96.4757775448,4.0
30.6339623158,-96.475772191,4.0
30.6339704564,-96.4757669013,4.0
30.6339786335,-96.4757617033,4.0
30.6339868409,-96.4757566061,4.0
30.6339950427,-96.4757515755,4.0
30.6340032078,-96.4757466013,4.0
30.6340113903,-96.4757416505,4.0
