30.6336704964,-96.4852192493,0,0
30.6336797064,-96.4852180126,1.09951350657,0.00636183851726
30.6336892033,-96.4852181194,1.47517113703,-0.00148109486873
30.6336982283,-96.4852179897,1.80634917752,-0.0076856957579
30.6337077211,-96.4852177577,2.00289232734,-0.00514431758573
30.6337173465,-96.4852175806,2.20993593377,-0.00354012147213
30.6337267313,-96.4852173609,2.34778005728,-0.0056249645698
30.6337361765,-96.4852173048,2.28868187663,0.00652745829042
30.6337453902,-96.4852173752,2.26112027634,0.00398853048872
30.6337545573,-96.4852173564,2.30271205881,-0.00124564676008
30.6337641954,-96.4852171974,2.43781209471,-0.00214458620845
30.6337736178,-96.4852169552,2.73784940615,-0.00553348924478
30.6337828979,-96.4852168435,3.00403519639,-0.00241748952854
30.6337928708,-96.4852167581,3.2089049776,-0.00257798382817
30.6338031158,-96.4852166169,3.24980797579,-0.00350439208068
30.6338132949,-96.485216426,3.20204638917,-0.00517183903591
30.6338233119,-96.4852162326,3.1711314642,0.000691971861367
30.6338334092,-96.4852161175,3.23130103401,0.00358681542528
30.633843599,-96.4852161277,3.27573976527,0.00479435495912
30.6338527462,-96.4852160888,3.48090119779,0.00663466745582
30.6338624722,-96.4852161186,3.70774440165,0.00648167794224
30.6338728066,-96.4852162549,3.87655128544,0.00798103485868
30.6338818214,-96.4852164033,4.07083219303,0.00652487597341
30.633891225,-96.485216539,4.24485023338,0.00322416900666
30.6339009691,-96.4852165263,4.38710212686,-0.00709531511658
30.6339108318,-96.4852164552,4.37905363355,-0.00566666239558
30.6339206285,-96.4852164133,4.34326980939,-0.00552109545945
30.6339303935,-96.4852163203,4.32538333639,-0.0104018968278
30.6339400688,-96.4852162448,4.28147477272,-0.000968846380037
30.633949704,-96.4852162047,4.26697574963,-0.00047155100559
30.6339592419,-96.4852161283,4.24338862076,-0.00248651104769
30.6339688198,-96.4852160253,4.27430398821,-0.00132149324261
30.6339785515,-96.485215962,4.36086361523,0.000948805139718
30.6339885825,-96.4852158489,4.4824385468,-0.00197266956876
30.6339990972,-96.485215746,4.70977362628,-3.92606909011e-05
30.6340099548,-96.4852157419,4.88826628629,0.00051634819099
30.6340189645,-96.4852157217,5.0463055092,0.00258122805588
30.6340281983,-96.485215665,5.19570633402,0.000315884841864
30.6340376779,-96.4852156073,5.31697876488,-0.00169478349263
30.634047393,-96.4852155819,5.46849708747,0.00374059161271
30.6340573527,-96.4852156005,5.55044357834,0.00531816241742
30.6340675441,-96.4852156109,5.72097206111,-0.00313352710248
30.6340779756,-96.4852155827,5.82739987404,0.00384369723815
30.6340885435,-96.4852156377,5.89057452062,0.00450313720535
30.6340990862,-96.4852157843,5.88279624713,0.00695816385832
30.6341096461,-96.4852158729,5.82827126504,0.00354596150356
30.6341201448,-96.48521589,5.84387581969,-0.000140579845945
30.6341306304,-96.4852158961,5.80930979334,0.000213686440321
30.6341411551,-96.4852159809,5.84608168959,-0.000407570921571
30.6341516981,-96.4852160102,5.83845742836,-0.002634697122
30.6341623172,-96.4852158911,5.91374653624,-0.00642509873203
30.634173175,-96.4852157645,6.05874347017,-0.00325592726938
30.6341842102,-96.4852157536,6.1720701004,-0.0010312854309
30.6341954965,-96.4852157787,6.32882644363,-0.00184788517101
30.6342069769,-96.4852157189,6.42311717,-0.00219628586925
30.6342187052,-96.4852156155,6.51535483089,-0.000357570089715
30.6342305872,-96.4852156076,6.61986083077,0.00109945710112
30.6342396196,-96.4852156074,6.70372626653,0.000692048233964
30.6342488005,-96.4852155857,6.74908006424,0.00115838614618
30.6342580456,-96.4852155581,6.89039105624,-0.000687801314125
30.634267373,-96.4852155208,6.95149164537,0.000307759880765
30.6342768459,-96.4852154897,7.00622998348,-0.00134886975474
30.6342863534,-96.4852154865,7.07994542826,-0.00195924766954
30.6342959697,-96.4852154754,7.1039549984,-0.00263784870761
30.6343056761,-96.4852154415,7.1665549982,-0.000735228444096
30.6343153883,-96.4852154111,7.19393126156,-0.000688693483209
30.6343251481,-96.4852153984,7.22128452054,0.00304113292851
30.6343349761,-96.4852153867,7.2245786774,-0.00235534627872
30.6343447704,-96.4852153752,7.27258068302,-0.00461566722056
30.634354583,-96.4852153716,7.28566876759,-0.00145125148295
30.6343644296,-96.4852153834,7.27223464036,-0.00228792656746
30.6343742472,-96.485215389,7.27457473687,-0.00211241171296
30.6343840941,-96.485215398,7.27462390898,0.00204813370679
30.63439397,-96.4852154143,7.2985846509,0.0020372459932
30.6344038087,-96.4852154443,7.28953643447,0.00197492338063
30.6344136624,-96.4852154578,7.28051394629,0.00520576386988
30.6344235414,-96.485215475,7.29510496505,0.00587263794587
30.6344333573,-96.4852155272,7.30101170272,0.00225934874477
30.6344431978,-96.4852155868,7.30141213307,0.00276500072255
30.634453047,-96.485215644,7.28043117444,0.00254045473538
30.6344629104,-96.4852156944,7.28699682603,0.00198242442455
30.6344727778,-96.4852157515,7.29874643568,0.000735790442355
30.6344826301,-96.4852158103,7.2930428131,0.00248637109322
30.6344925179,-96.485215856,7.27376902012,0.00256035121122
30.6345023948,-96.4852159152,7.28441713867,0.000847149427315
30.6345122518,-96.485215949,7.30302130919,-0.000318753254644
30.6345221391,-96.4852159525,7.30663450634,-0.00157780849217
30.6345320242,-96.4852159424,7.30945375646,-0.0037416909314
30.6345419099,-96.4852159099,7.32932814157,-0.00592631145661
30.6345518172,-96.4852158684,7.29831508618,-0.00299408310883
30.6345617012,-96.4852158332,7.30303505593,0.000967696628409
30.6345715758,-96.4852158148,7.3197236266,-0.00326017569118
30.6345814713,-96.4852158206,7.29183326501,-0.00104156617157
30.6345913456,-96.4852158374,7.31881334018,-0.00193224241131
30.6346012143,-96.4852158119,7.3284588829,-0.00207103596992
30.6346111244,-96.4852157696,7.31367999545,-0.00207188485174
30.6346210207,-96.4852157503,7.3340306235,-0.00248771648091
30.6346309114,-96.4852157634,7.33090581886,0.00144092064431
30.6346408295,-96.4852157879,7.32393905763,0.00326285551397
30.6346507435,-96.4852157879,7.3435060166,0.000351354773623
30.6346606525,-96.485215778,7.33050691228,0.00190981273071
30.6346705667,-96.4852157791,7.33398966314,0.00243455475843
30.6346804766,-96.4852158119,7.33697882824,0.00289364602722
30.6346903946,-96.4852158673,7.33233388849,0.00421010158277
30.6347003463,-96.4852159311,7.33808720868,0.00210437138675
30.6347102714,-96.4852159607,7.34382255792,0.00123949462898
30.6347202028,-96.4852159789,7.360333619,0.00152313688329
30.6347301719,-96.485216009,7.36181757087,0.00193555006737
30.6347401093,-96.4852160485,7.36674087337,-0.000161773059778
30.6347500607,-96.4852161101,7.34623550299,0.00356138534068
30.6347599884,-96.4852161749,7.37083535283,0.00260088824439
30.634769936,-96.4852162096,7.35803093863,0.00191237585853
30.6347799317,-96.4852161918,7.37220445679,-0.00146157426283
30.6347899161,-96.4852161892,7.42056011866,-0.00560132801058
30.634799926,-96.4852161986,7.43099154388,-0.00190639250289
30.6348099981,-96.4852162209,7.41749301732,-0.00221166329789
30.6348200764,-96.4852162224,7.44202536312,-0.00108735762359
30.6348301697,-96.4852161738,7.47121068027,-0.00141330497208
30.6348403095,-96.4852161031,7.47240505028,-0.00780936372283
30.6348504673,-96.4852160628,7.50668532009,-0.00459349860016
30.6348606554,-96.4852160455,7.51583126443,-0.00454363615193
30.6348708519,-96.4852160087,7.54415231845,-0.00385756336518
30.6348810534,-96.485215938,7.56147516786,-0.00301007534804
30.6348913126,-96.4852158613,7.55316814183,-0.000424602386289
30.6349015736,-96.4852158045,7.58891805546,-0.00319472625228
30.634911858,-96.4852157509,7.61230626235,-0.00279882839253
30.63492218,-96.4852156988,7.59438097232,-0.00117560368922
30.6349324842,-96.4852156735,7.63477111353,0.000213207763206
30.6349428252,-96.4852156336,7.62904421289,0.00135584546665
30.634953169,-96.485215605,7.65510981911,0.00261404858489
30.6349635183,-96.4852155593,7.64209284566,0.000905919964881
30.6349738719,-96.485215511,7.65708555442,0.000969167933945
30.6349842384,-96.4852154915,7.67049375939,0.000961672698666
30.634994619,-96.485215467,7.6805866262,0.00177337535631
30.6350050438,-96.4852154367,7.69975152716,-0.00128036883052
30.6350154487,-96.4852154295,7.70953080966,0.00154794480027
30.6350258495,-96.4852154184,7.68636964836,0.00215423628746
30.6350362993,-96.4852153963,7.69128433566,-0.00129788331844
30.6350467044,-96.4852153985,7.72635776532,-0.000255834867417
30.6350571262,-96.4852154227,7.69547115177,0.00405119053993
30.6350675489,-96.4852154712,7.71778421039,0.0028736039429
30.6350779706,-96.4852155242,7.71564009364,0.00480048167501
30.6350884182,-96.4852155824,7.69376552805,0.00243778451831
30.6350988228,-96.4852156704,7.70140380893,0.00332844493234
30.6351092292,-96.485215756,7.71609841643,0.00287028476466
30.6351196667,-96.485215832,7.69405827796,0.00183735229452
30.6351300687,-96.4852159408,7.71603154641,0.00463410056154
30.6351404937,-96.4852160454,7.70944002468,0.00468320229238
30.6351509084,-96.4852161463,7.72146701505,0.00468736979362
30.6351613176,-96.4852162304,7.71373985526,0.00382091893362
30.6351717586,-96.4852163209,7.69776125973,0.00165865700274
30.6351821821,-96.4852164682,7.71230611197,0.00429155002475
30.6351926041,-96.4852166215,7.69055637663,0.00763960472869
30.6352030444,-96.4852167555,7.68823737956,0.00383735025766
30.6352134507,-96.4852168984,7.71011669681,0.00501492938634
30.635223873,-96.4852170795,7.71703325185,0.00587068161163
30.6352342973,-96.4852172812,7.71750602792,0.00258328975677
30.6352446972,-96.4852174815,7.73267432294,0.00143575691038
30.6352551287,-96.4852176293,7.72606534979,-0.00247030216034
30.6352655545,-96.4852177376,7.71224369775,-0.00294431769561
30.6352759798,-96.4852178356,7.71671301506,-0.00568110486665
30.6352864368,-96.4852179254,7.69108717554,-0.00567033870052
30.6352968679,-96.4852180397,7.70295073513,-0.00283038977189
30.6353072995,-96.4852181409,7.70234551626,-0.000926808213661
30.6353177453,-96.4852182168,7.6920783031,-0.00169362109739
30.6353281712,-96.4852182664,7.73338030304,-0.00431235028837
30.6353385949,-96.4852183066,7.70148689957,-0.00245948191524
30.6353490581,-96.4852183503,7.70278356676,-0.00110151460956
30.6353594931,-96.4852184235,7.70493035848,-0.00218596375395
30.6353699181,-96.4852185287,7.70653704871,-0.00153892734662
30.6353803413,-96.4852186175,7.68735799478,-0.00312400363145
30.635390746,-96.485218654,7.66347932038,0.0001392262449
30.635401125,-96.485218706,7.6717811252,0.00055333562175
30.6354114783,-96.4852188047,7.65452404155,-0.00122462265985
30.6354218571,-96.4852188967,7.63860316568,-0.000363969412432
30.6354322002,-96.4852189329,7.64136324684,-0.00401899399184
30.63544251,-96.4852189412,7.63580068527,-0.00771633597504
30.6354528152,-96.4852189288,7.61120013858,-0.012871476222
30.6354631152,-96.4852188695,7.59335461503,-0.0187343565558
30.6354734168,-96.4852186551,7.59303962616,-0.0214970174524
30.6354837111,-96.4852183068,7.58688968691,-0.0271586643178
30.6354939768,-96.4852179188,7.56530434656,-0.0295669588584
30.6355042814,-96.4852174777,7.55852080905,-0.0302938396595
30.6355145556,-96.4852169499,7.54846827781,-0.0340578029052
30.6355248065,-96.4852162824,7.55770434924,-0.0343887621949
30.6355350717,-96.485215462,7.5333172022,-0.0443132496738
30.6355453271,-96.4852145175,7.55131886114,-0.0497237977353
30.6355556139,-96.485213435,7.54256805242,-0.0559767746668
30.635565886,-96.4852121819,7.54922107319,-0.0604634131998
30.6355761261,-96.4852107408,7.55050254469,-0.0648809158754
30.6355863824,-96.485209069,7.54462869864,-0.071377542864
30.6355966133,-96.4852071538,7.54684153127,-0.07998811314
30.6356068349,-96.4852050318,7.54120170342,-0.0821178060742
30.635617048,-96.4852027015,7.55970148442,-0.0868688697377
30.6356272366,-96.4852002279,7.58155965822,-0.0837486471825
30.6356374117,-96.4851975416,7.55578817227,-0.0866410903584
30.6356475399,-96.4851945706,7.57511411588,-0.0970820789907
30.6356576023,-96.4851913708,7.59569807975,-0.0936824120697
30.6356676256,-96.4851879444,7.60566032835,-0.0969297945446
30.6356776379,-96.4851843318,7.58644216308,-0.101328964524
30.6356875927,-96.4851805041,7.59978112717,-0.10030612382
30.6356974817,-96.4851764192,7.5940308014,-0.100474114092
30.6357073229,-96.485172072,7.6068798924,-0.103888788357
30.6357170947,-96.4851675032,7.62429743648,-0.102298794012
30.6357267727,-96.4851627426,7.61659630562,-0.0983295023127
30.6357363735,-96.4851577582,7.63091786164,-0.0986271574671
30.6357459072,-96.4851525582,7.64418812293,-0.0944340979787
30.6357553541,-96.4851471276,7.62879226671,-0.102278756768
30.6357646785,-96.4851414976,7.66165117088,-0.105982667924
30.6357739511,-96.4851356411,7.64967889371,-0.0998785561554
30.6357831735,-96.4851295799,7.61861112959,-0.102030113511
30.6357922608,-96.4851233391,7.65054690014,-0.10481858117
30.6358011982,-96.4851168427,7.64710539654,-0.106151544616
30.635810033,-96.4851101288,7.6271149358,-0.106247995773
30.635818765,-96.4851032034,7.63113000674,-0.10313781892
30.635827362,-96.4850961428,7.65711759991,-0.105132870149
30.6358358252,-96.4850888557,7.62935174363,-0.102835089636
30.6358441767,-96.4850813335,7.61211995689,-0.104958188695
30.6358523968,-96.4850735728,7.63001459064,-0.110737035818
30.6358604602,-96.4850655724,7.62703120225,-0.107170106614
30.6358684064,-96.4850573986,7.6472175727,-0.108156405111
30.6358762024,-96.4850490884,7.636873626,-0.10875933906
30.6358838794,-96.4850406295,7.6387517653,-0.104009210567
30.6358914212,-96.4850319949,7.63063573942,-0.105460518936
30.635898769,-96.4850231411,7.66816197336,-0.110746264757
30.635905967,-96.485014087,7.67826222368,-0.109439592272
30.6359130291,-96.4850048702,7.66485416165,-0.113170939465
30.6359199624,-96.4849955552,7.68131522295,-0.109585883351
30.6359267583,-96.4849861044,7.68019353645,-0.106088241111
30.635933331,-96.4849764229,7.69369360456,-0.107514459591
30.6359396974,-96.484966537,7.68463561998,-0.112134775415
30.6359459117,-96.4849565065,7.71292077143,-0.110051334999
30.6359519963,-96.4849463777,7.70351210718,-0.106143513126
30.6359579325,-96.4849360626,7.71575518936,-0.110992765358
30.6359636662,-96.48492559,7.73037771397,-0.111027726203
30.6359691924,-96.4849149718,7.75220903027,-0.109453416677
30.6359745901,-96.4849042693,7.73978893078,-0.108272583244
30.6359797829,-96.4848934135,7.74513242068,-0.112549676545
30.6359847905,-96.4848823853,7.78344787943,-0.110268392138
30.6359895827,-96.4848712245,7.79143568459,-0.11330283458
30.635994191,-96.4848599555,7.78116878597,-0.114936164517
30.6359985739,-96.4848485481,7.76792956631,-0.114618539793
30.6360027155,-96.4848369794,7.75670420247,-0.116664263338
30.6360066452,-96.4848253399,7.79734611951,-0.112832978781
30.6360103718,-96.4848136355,7.79009173204,-0.113871643974
30.6360139089,-96.484801804,7.80877956361,-0.112021105037
30.6360172246,-96.4847898868,7.80948019513,-0.114251433178
30.6360203279,-96.4847779194,7.82085141155,-0.112984962592
30.6360232455,-96.4847658636,7.78597804506,-0.114803840973
30.6360258867,-96.4847537045,7.77710429642,-0.119849328192
30.6360282378,-96.4847414508,7.79992006842,-0.120818875786
30.6360303497,-96.4847291471,7.81122329733,-0.117271676925
30.6360322398,-96.4847168254,7.83827584226,-0.120303594341
30.6360339301,-96.4847044398,7.8211941145,-0.126159849541
30.636035348,-96.4846920106,7.7976591333,-0.11723003894
30.6360365027,-96.4846795722,7.83017887231,-0.121647509033
30.6360374266,-96.4846670673,7.81930902159,-0.115653214574
30.636038085,-96.4846545451,7.83287779231,-0.120434869404
30.6360385077,-96.4846419895,7.82250073421,-0.123695324976
30.6360387197,-96.4846294222,7.82842818476,-0.118999968074
30.6360386807,-96.4846168653,7.84912922466,-0.125657030286
30.6360383853,-96.4846043049,7.80937686541,-0.124884474832
30.636037808,-96.4845917697,7.81889566162,-0.122352160746
30.6360369851,-96.4845792646,7.8114208778,-0.120931630792
30.6360359596,-96.4845667715,7.80147168424,-0.117849712531
30.6360346636,-96.4845542912,7.82217104598,-0.117249958857
30.6360330893,-96.4845418116,7.82679348232,-0.119290576865
30.6360312879,-96.4845293879,7.83476136644,-0.12057619614
30.6360292824,-96.4845170095,7.82623531364,-0.121064445028
30.6360270192,-96.4845046681,7.81961916184,-0.119220861092
30.6360244857,-96.4844924197,7.85016792054,-0.120208802618
30.6360216915,-96.4844802383,7.8296048864,-0.121713024546
30.6360186688,-96.4844681365,7.83671633528,-0.124976753817
30.6360154045,-96.4844561282,7.86138097576,-0.123908958308
30.6360119239,-96.4844441682,7.85599377008,-0.120486951549
30.6360081794,-96.48443229,7.88275332786,-0.123237098523
30.6360041714,-96.4844205298,7.87100750977,-0.123065757124
30.6359999007,-96.4844088586,7.87428343266,-0.120372069933
30.6359953938,-96.484397266,7.92090603438,-0.128070816259
30.635990647,-96.4843857555,7.9187211012,-0.127492762046
30.635985653,-96.4843743557,7.92380277987,-0.126882370377
30.635980401,-96.4843630916,7.95159680651,-0.126234518992
30.6359749343,-96.48435197,7.96208110132,-0.128810022611
30.6359692235,-96.4843409898,7.97029917574,-0.125188365989
30.635963266,-96.4843301491,7.97293991789,-0.13152849259
30.6359570736,-96.484319477,8.00362960226,-0.127658858283
30.6359506534,-96.4843089442,8.00771491939,-0.126931537631
30.6359439859,-96.4842985684,8.01940916967,-0.1297140366
30.6359371005,-96.4842883692,8.02874313139,-0.127016227163
30.6359300547,-96.4842783589,8.01093605018,-0.121644831895
30.6359228756,-96.4842685386,7.99814214613,-0.118377515321
30.6359155441,-96.4842589074,7.98501007716,-0.111661420958
30.6359081153,-96.4842494941,7.97496418925,-0.101089671296
30.6359006065,-96.4842402375,7.9769756544,-0.0888383751411
30.6358930441,-96.4842310342,8.02473959241,-0.0733953863082
30.6358854802,-96.4842218002,7.98558704223,-0.0606941819074
30.6358779739,-96.4842126206,7.98696485838,-0.0458526357839
30.6358704075,-96.4842034616,8.05660094014,-0.0385595790798
30.6358627702,-96.4841942738,8.01306313436,-0.0377910834713
30.6358550783,-96.4841851032,8.11106737677,-0.0300735026677
30.6358473663,-96.4841759562,8.1262801907,-0.0277567245145
30.635839542,-96.4841668173,8.18784208631,-0.0274955782677
30.6358316526,-96.4841576587,8.23911570488,-0.0265699277495
30.6358237258,-96.484148466,8.27356259944,-0.0269666243773
30.6358157271,-96.4841392329,8.3326576179,-0.0228577743201
30.635807621,-96.4841299596,8.35233859449,-0.0182589334023
30.6357994541,-96.4841207093,8.4148547632,-0.0167745024852
30.6357912283,-96.4841114015,8.43906159095,-0.0187718990846
30.6357829569,-96.4841020424,8.48667741168,-0.0159767777689
30.6357746868,-96.484092679,8.55381592878,-0.0118570414005
30.635766378,-96.4840832691,8.57603306639,-0.00643923213529
30.6357580025,-96.4840738073,8.60461428584,0.000125554888456
30.6357495904,-96.4840642622,8.69442479263,-0.000141312913806
30.6357411701,-96.4840546238,8.74682136359,-0.00166905423905
30.6357327033,-96.484044899,8.76312193829,-0.000434160610838
30.6357241943,-96.4840351596,8.81639595495,0.0014343789094
30.6357156017,-96.4840253872,8.87663399646,-1.5061028293e-05
30.6357069896,-96.4840155802,8.91996722098,-0.000969698485142
30.6356983501,-96.4840056913,8.95019924935,0.00257375865054
30.6356897214,-96.4839957582,9.01264030183,0.0029063578143
30.6356810511,-96.4839857903,9.06206194754,0.000667615915291
30.6356722885,-96.4839757676,9.04734965682,-0.00285241814228
30.6356635304,-96.4839657244,9.12184218647,-0.00341120906102
30.6356547441,-96.4839555928,9.15211959956,-0.00392188953188
30.635645887,-96.4839454101,9.1959410539,0.00348351545907
30.6356369715,-96.4839352387,9.25790562605,0.000305230135726
30.6356280077,-96.4839250226,9.29002396425,-0.00430095309449
30.6356189981,-96.4839147603,9.33677124986,0.000564738404991
30.6356099391,-96.4839044476,9.35847523943,0.00203254934708
30.6356008659,-96.4838941234,9.43480808648,0.000331094024351
30.635591739,-96.4838837348,9.442735954,-0.00400151838413
30.6355825825,-96.4838733228,9.4723207856,0.000459206747949
30.6355734159,-96.4838629056,9.5405053855,0.000221396974687
30.63556422,-96.4838524176,9.56699597395,-0.00140854263439
30.6355549905,-96.4838418768,9.58775310791,-0.00358402950705
30.6355456896,-96.4838312827,9.59674268962,-0.000996038163914
30.6355363552,-96.483820683,9.65812103915,-8.45398164112e-05
30.635527011,-96.483810021,9.69878751636,-2.96707501925e-05
30.6355176167,-96.4837992816,9.69976996328,0.00228473779571
30.6355082045,-96.483788558,9.78544505265,0.00422976359136
30.6354987413,-96.4837778143,9.82033110715,0.00415903442906
30.6354892452,-96.4837669982,9.85085005349,0.00171664857233
30.6354797261,-96.4837561474,9.88049572683,0.000850928230978
30.6354701657,-96.4837452577,9.94766557017,0.00248247079531
30.6354605431,-96.4837342945,9.93109284817,0.00016321612819
30.6354509259,-96.4837233289,9.97625728426,0.00117372961694
30.6354413132,-96.4837123707,10.0439103222,-0.000792213229576
30.6354348588,-96.4837050073,10.0608732006,0.000885931047036
30.6354283894,-96.4836976295,10.0530361509,0.00120616710322
30.6354219264,-96.4836902498,10.0880361093,0.000152548437701
30.6354154607,-96.4836828537,10.1510012865,-0.00218594360964
30.6354089733,-96.4836754371,10.1607277306,0.00259483224558
30.6354024559,-96.483667987,10.1417433313,-0.00233481355359
30.635395936,-96.4836605432,10.1625122411,0.00110633069785
30.6353894092,-96.4836531112,10.2065286449,-0.000841140537173
30.6353828544,-96.4836456608,10.22362161,-0.00360372711984
30.6353762728,-96.4836381562,10.2197246515,0.00291846031568
30.6353696704,-96.4836306263,10.2496841588,-0.0017849453615
30.635363079,-96.4836231116,10.2954852627,-0.0037583112842
30.6353564713,-96.4836156107,10.3352437414,0.00403365009248
30.635349833,-96.4836080955,10.3364807277,-0.0022448675597
30.6353431594,-96.4836005335,10.3358026407,-0.000589937621754
30.6353364831,-96.4835929342,10.3476569498,-0.00435528808499
30.635329843,-96.4835853349,10.3755239194,0.00427327250368
30.6353231913,-96.483577732,10.4099935542,-0.000865915210491
30.6353165239,-96.4835700799,10.4290837169,0.0057109920829
30.6353097963,-96.4835623929,10.4283178374,0.00405863491486
30.6353030675,-96.4835547287,10.4601498941,-0.00145557321319
30.635296343,-96.4835470591,10.5084264907,0.00209117395783
30.6352895821,-96.4835393657,10.4917636753,-0.00179314834923
30.6352828325,-96.4835316544,10.5052851268,0.00854692866167
30.6352761019,-96.4835239404,10.5398096086,-0.00211402479215
30.6352693972,-96.4835161902,10.5634226511,0.00685786172375
30.6352626504,-96.4835084032,10.581723981,0.00240127107813
30.6352558777,-96.4835005749,10.5930503903,-0.000417822562156
30.6352491099,-96.4834927795,10.6297817028,0.0115163143632
30.6352423254,-96.4834850067,10.6758077648,-0.00951545803947
30.6352355223,-96.4834771936,10.6558784698,0.00563685242942
30.6352286525,-96.4834693516,10.6713958784,-0.00124278135813
30.6352217924,-96.4834614934,10.7027336143,-0.00372913647564
30.6352149348,-96.4834536421,10.716907359,0.0004113896447
30.6352080632,-96.4834457776,10.7652301873,-0.000106693477023
30.6352011714,-96.4834378863,10.7622476122,0.00403048610092
30.6351942843,-96.483429999,10.7920461531,0.00449869033598
30.6351873743,-96.4834220781,10.816647254,0.00411785252573
30.6351804208,-96.4834141298,10.8177313021,0.00363056696325
30.6351734608,-96.4834061575,10.8197860186,-0.00184041036702
30.6351665028,-96.4833982004,10.8748348958,0.00482977972575
30.6351595511,-96.4833902234,10.8839038221,-0.00445827051057
30.6351525967,-96.4833822042,10.9134823722,0.00226252843749
30.6351456096,-96.4833741301,10.9017737802,0.000872076017886
30.6351386044,-96.4833660278,10.9077998583,0.00442797595924
30.6351316056,-96.483357943,10.953193348,0.00706079278289
30.6351246073,-96.4833498893,11.0060093119,-0.00105058635751
30.6351175918,-96.4833418052,11.0310013346,0.00181589461876
30.6351105204,-96.4833336846,11.008123513,-0.000262179216957
30.6351034505,-96.4833255508,11.0399479172,-0.00345868718122
30.6350964126,-96.4833174166,11.0477701993,0.00394578144627
30.6350893625,-96.4833092748,11.0961984325,-0.00162261227258
30.6350822823,-96.4833011036,11.0832504065,0.00289787177478
30.6350751717,-96.4832929167,11.0718297767,-0.000791798987825
30.6350680662,-96.4832847463,11.119227048,0.00399237672162
30.635060956,-96.4832765517,11.1534242526,0.000276864488363
30.6350538452,-96.4832683301,11.1484543692,0.00085314303772
30.6350467366,-96.483260108,11.1752386465,0.00157918748228
30.6350396257,-96.483251881,11.1597080661,-8.34467726424e-06
30.6350325281,-96.4832436539,11.1711423331,0.00274415872036
30.6350254233,-96.4832354456,11.1614870487,-0.00244082673124
30.63501833,-96.4832272261,11.1191118174,0.0019249613559
30.6350112272,-96.4832190075,11.1374630305,0.00118068718707
30.6350041107,-96.4832108058,11.1321352881,-0.00130488976173
30.634997013,-96.4832026126,11.1399301393,0.00406218207255
30.6349898816,-96.4831944057,11.1928805375,0.00177947355035
30.6349827408,-96.4831861679,11.1463805458,-0.00207988252609
30.6349756039,-96.4831779217,11.1262208581,-0.00034079576573
30.6349684556,-96.4831696636,11.1813615224,0.00337221926785
30.634961291,-96.4831613657,11.2085596652,0.000558984790793
30.6349541148,-96.4831530729,11.2469433118,0.0022945106233
30.6349469363,-96.483144771,11.2792532362,-0.00640307164928
30.63493973,-96.4831364365,11.2690983256,0.0077080824906
30.6349324861,-96.4831280777,11.3041402171,-0.00552735493929
30.6349252585,-96.4831197429,11.3453062948,0.00452903082932
30.6349180419,-96.4831113992,11.3729016498,-0.00328375866247
30.6349107875,-96.483103021,11.3715398803,0.00207405693615
30.634903496,-96.4830946018,11.3611921553,0.000132440563521
30.6348962068,-96.4830861857,11.4216539535,-0.000307408332735
30.6348889352,-96.4830777821,11.4499077654,0.000226412404068
30.6348816366,-96.4830693418,11.4690724789,-0.000649336280597
30.6348742824,-96.4830608576,11.4430381208,0.000361081914
30.6348669196,-96.483052375,11.4616401037,0.00152459473032
30.6348595764,-96.4830438977,11.5043431557,0.000465223320311
30.6348522419,-96.4830354154,11.5590164883,-0.00104583659956
30.6348448759,-96.4830268939,11.5415032178,-0.000581878584084
30.63483748,-96.4830183472,11.5425167943,0.00360353154365
30.6348300808,-96.4830098277,11.5741391826,-0.00361696384074
30.6348226984,-96.4830013129,11.6267160562,0.00248845092562
30.6348153143,-96.4829927748,11.6427316543,-0.00156645791793
30.6348079031,-96.4829841983,11.6349946727,-0.00120564018296
30.634800458,-96.4829755776,11.625090605,0.00300633286889
30.6347930001,-96.4829669561,11.659806144,0.00212156622338
30.6347855429,-96.4829583338,11.6545482611,-7.96035777538e-05
30.6347780869,-96.4829497085,11.6747343723,0.000504161223335
30.6347705884,-96.482941068,11.6789567762,-0.00330280872254
30.6347630647,-96.4829324137,11.6896131864,0.00253001880228
30.6347555711,-96.4829237598,11.6986823316,-0.000292246077497
30.6347481026,-96.4829151077,11.744211775,-0.000111077319037
30.6347406174,-96.4829064338,11.8095429254,-0.00100596270015
30.6347331026,-96.4828977499,11.7676051291,0.00123094103432
30.6347255721,-96.4828890538,11.8078061765,0.00279181351706
30.6347180257,-96.4828803464,11.7881740044,0.00324421302912
30.63471047,-96.4828716209,11.8126535884,-0.00192238839022
30.6347029008,-96.4828628654,11.8496066607,-0.000554420438212
30.6346953155,-96.4828540881,11.8614768239,0.00361684451
30.6346877078,-96.4828453295,11.8993176055,-0.00460743052292
30.6346801167,-96.4828365787,11.8894193507,0.00105150996804
30.6346725183,-96.4828278081,11.9173121636,0.00142571886928
30.6346649011,-96.4828190228,11.9374713594,-0.00355462226688
30.6346572893,-96.4828102404,12.0016902164,-0.00331515701596
30.6346496553,-96.4828014432,12.0045266423,0.00134664100544
30.6346420019,-96.4827926079,12.0057854782,-0.000278242317152
30.6346343498,-96.4827837469,11.9945383808,-0.000856994941318
30.6346266975,-96.4827748711,12.0277282099,0.00301234322639
30.6346190219,-96.4827659812,12.0349845431,0.000298922574167
30.6346113331,-96.4827571097,12.0578890377,0.00237125816916
30.6346036704,-96.4827482516,12.0952093179,0.00748215990152
30.6345959968,-96.4827393604,12.0852634438,-0.000893599531964
30.634588305,-96.482730426,12.0980617224,0.00219069716846
30.634580581,-96.4827215013,12.1356090856,0.000347906305474
30.6345728327,-96.4827125495,12.1224413797,0.00436289278938
30.6345650832,-96.4827035731,12.1439770344,-0.00342478111889
30.6345573309,-96.4826945717,12.1519689142,0.00335351070948
30.6345495821,-96.4826855681,12.1549981473,-0.00124345168336
30.6345418463,-96.4826765782,12.247762295,0.00540004638572
30.6345341243,-96.4826675964,12.2905161439,-0.00136499259655
30.6345263807,-96.4826585974,12.2884882926,0.0090547186593
30.6345186333,-96.4826495758,12.2002132967,-0.000885983532328
30.6345108724,-96.4826405468,12.2795563653,-0.00315207640315
30.634503117,-96.482631512,12.3050050681,0.00386474908847
30.6344953325,-96.4826224525,12.2810342634,-0.000103571204734
30.6344875406,-96.4826133546,12.2886722475,-0.000773822593813
30.6344797234,-96.4826042572,12.3329720071,0.00133427360206
30.6344718948,-96.4825951751,12.3445971271,-0.00586715923882
30.6344640789,-96.4825860993,12.3824587571,0.0033267991978
30.6344562507,-96.4825770189,12.3920243803,0.00267979639601
30.6344483711,-96.4825678906,12.3959272787,-0.00397692705479
30.6344404772,-96.4825587463,12.4236376529,0.00178095640705
30.6344325763,-96.4825496156,12.4106439515,-0.000754499981282
30.6344246327,-96.4825404568,12.4211879659,-0.00514852016493
30.6344166907,-96.4825312687,12.4321850482,-0.000955611843564
30.6344087437,-96.4825220863,12.4395374463,0.00321565575377
30.6344008077,-96.4825129239,12.4784860903,-0.00497123816138
30.634392828,-96.4825037284,12.4406032377,0.000838204460288
30.634384885,-96.4824945465,12.4812614908,-0.00271511065595
30.6343769604,-96.4824853756,12.5320962092,-0.00828351891018
30.6343689814,-96.482476136,12.5549476128,0.00345075117381
30.6343609773,-96.4824668393,12.4564402472,0.00126130680828
30.6343530211,-96.4824575835,12.4870305068,-0.00208416423258
30.6343450845,-96.4824483436,12.6020838295,-0.00323777939234
30.6343370753,-96.4824390878,12.5477375052,-0.0035863333642
30.6343290349,-96.4824297859,12.5334623434,-0.00233308728101
30.6343209771,-96.4824205103,12.5647157972,-0.00490504722459
30.6343129463,-96.4824112737,12.6092889171,-0.00636697297466
30.6343049437,-96.4824020532,12.6327558024,-0.000246664595271
30.6342969095,-96.482392809,12.612481689,-0.0020862340927
30.6342888082,-96.4823835092,12.6396845682,-0.00370286229065
30.6342807004,-96.4823742294,12.59618169,0.00147056262301
30.6342726236,-96.4823649782,12.5925955442,-0.00383651181291
30.6342645234,-96.4823557095,12.6072010946,-0.00226229171556
30.6342563968,-96.4823463914,12.6104990839,-0.00663883336147
30.6342482908,-96.4823370661,12.6287286825,0.00393063459442
30.6342401919,-96.4823277651,12.6498447637,0.000651725662822
30.6342321249,-96.4823185127,12.6985664178,0.000995104599013
30.6342240638,-96.4823092555,12.7184077112,-0.000212531875016
30.6342159361,-96.4822999365,12.6935350915,-0.00181754608117
30.6342077902,-96.482290588,12.6683323417,-0.00470391795582
30.6341996828,-96.4822812642,12.7116835896,0.000602391302456
30.6341915746,-96.4822719427,12.6983510738,-0.00066501824744
30.6341834166,-96.4822625668,12.6755322206,-0.00319217268656
30.6341752616,-96.48225321,12.7063302466,0.00330756240907
30.6341671285,-96.482243883,12.7638791431,-0.0045076587741
30.6341589883,-96.4822345575,12.7616179886,0.00318607949509
30.6341508521,-96.4822252163,12.7449079483,0.00394531157765
30.6341427085,-96.4822158963,12.7734162382,-0.00315727040084
30.6341345303,-96.4822065647,12.7611371891,0.00229122704438
30.6341263302,-96.4821971713,12.745641667,0.00204272625525
30.6341181669,-96.4821877691,12.7777365571,-5.10877364505e-05
30.6341100191,-96.4821783611,12.772284423,0.000977544403602
30.6341018677,-96.4821689365,12.7541404185,0.00947461140312
30.6340936991,-96.4821594868,12.7661937994,0.000703947092765
30.6340855122,-96.4821500734,12.7832258562,0.00280458086364
30.6340773408,-96.4821407055,12.8042390434,0.00776752736598
30.6340692064,-96.4821313057,12.8315348473,-0.000144133890934
30.6340610815,-96.4821218608,12.8205579969,0.0114280118917
30.6340529262,-96.4821123691,12.7444410017,-0.00455912310146
30.6340447815,-96.4821028756,12.7997705918,0.00282369008508
30.6340366425,-96.4820934025,12.8588410162,0.00685355950649
30.6340285012,-96.4820839224,12.8288682946,-0.00681010903925
30.6340204043,-96.4820744236,12.8684667966,0.0155642687234
30.6340122745,-96.4820649247,12.8646140895,0.00361273172054
30.6340041116,-96.4820554163,12.8277040289,-0.000257423739309
30.6339959523,-96.4820459148,12.8552085678,-0.00186485240475
30.6339878063,-96.4820364197,12.8896610095,0.00477945759002
30.6339796371,-96.4820269054,12.8395436115,-0.0019646853196
30.6339714667,-96.4820173791,12.8131912735,0.0109298312117
30.633963289,-96.4820078564,12.8710888507,-0.0067560336124
30.6339551209,-96.481998365,12.8724372872,8.70371426109e-05
30.6339469448,-96.4819888655,12.8749724836,-0.00997677115753
30.6339387489,-96.4819793541,12.8654570909,-0.00121775441311
30.633930554,-96.4819698364,12.8652750822,-0.00243099259126
30.633922378,-96.4819603306,12.8838579669,0.00544653351943
30.633914202,-96.4819507912,12.8650180094,0.00141830627932
30.6339059798,-96.4819412418,12.872425539,0.000507756966097
30.6338977434,-96.4819317306,12.8884181862,-0.00254571192187
30.6338895281,-96.481922235,12.9165830091,-0.000245510371104
30.6338813242,-96.481912702,12.891569633,-0.00645233788777
30.6338731083,-96.4819031748,12.8960916047,1.0671670905e-05
30.6338649012,-96.4818936754,12.9137434866,0.000137881785339
30.6338566683,-96.4818842057,12.9396535095,0.00262348406718
30.6338484238,-96.4818746863,12.9384229516,-0.00584363274332
30.633840203,-96.4818651446,12.943627372,0.00960128658476
30.6338319702,-96.4818555694,12.8902351022,-0.00480911235965
30.6338237615,-96.4818459971,12.9229132096,0.00552239881275
30.6338155445,-96.4818364279,12.9198483521,-0.00222128949854
30.6338073327,-96.4818268317,12.9472099576,-0.00913592944156
30.633799074,-96.4818172623,12.9304115337,0.000511264679742
30.6337908284,-96.4818077061,12.9857078742,-0.00239260239722
30.6337825688,-96.4817981739,12.9617796182,0.00618506307215
30.6337742833,-96.4817886503,12.9824004244,-0.00382876530931
30.633765983,-96.4817791302,12.9716797346,-0.00521413411753
30.6337576808,-96.4817695639,12.9794954256,0.00356653164064
30.6337493902,-96.4817599719,12.9617949732,-0.00221454414324
30.6337411277,-96.4817503797,12.9854626322,-0.000681166011572
30.633732856,-96.481740804,13.0009676341,-0.00120100461426
30.6337245574,-96.4817312238,12.9697778285,-0.00480258551849
30.6337162591,-96.4817216357,12.9930457835,-0.00302040868646
30.6337079922,-96.4817120577,12.9658693979,-0.0046985490099
30.6336996929,-96.481702514,13.0054024572,0.000143676562531
30.6336913673,-96.4816929806,12.997722584,-0.00286573052943
30.6336830495,-96.48168343,13.0094549001,-0.00468927994103
30.6336747785,-96.4816738545,13.0154616418,0.00155918161099
30.6336665073,-96.4816642957,13.0180584316,0.00119066673325
30.6336582388,-96.4816547653,13.052182743,0.00198224916851
30.6336499445,-96.4816451976,13.0179174984,-0.00168503528755
30.6336416271,-96.4816356156,13.0330782667,-0.00522007619569
30.6336333152,-96.4816260235,12.9891034411,-0.00123930183844
30.6336250047,-96.4816163963,13.0351484576,0.00309567285881
30.6336166698,-96.4816067718,13.017358573,-0.00382640578351
30.6336083187,-96.4815971628,13.0121460574,0.00172606004189
30.6335999474,-96.481587551,13.0056792068,-0.00386533458055
30.6335916024,-96.4815779454,13.0660093653,-0.00573383105315
30.6335832634,-96.4815683423,13.0811247083,1.23195083149e-05
30.6335749185,-96.4815586985,13.0520325913,0.00680880432733
30.633566577,-96.481549036,13.0441138834,0.00311991593151
30.6335582313,-96.4815394047,13.0531870304,0.00381843626058
30.6335498967,-96.4815297716,13.0884792404,0.000270988217465
30.6335415498,-96.4815201303,13.0761666861,0.000401536572751
30.6335332212,-96.4815104824,13.1020874984,0.000596954652686
30.6335248944,-96.4815008578,13.1004755972,0.00212700135299
30.633516525,-96.4814912143,13.0814271112,0.000212725574561
30.6335081568,-96.481481564,13.075273898,-0.00266612444095
30.6334997936,-96.4814719307,13.070013693,0.000586223545194
30.6334914306,-96.4814622796,13.0935254477,0.00438655843198
30.6334830343,-96.4814526241,13.0941997975,0.00189605252963
30.6334746658,-96.4814429811,13.1255630839,0.00458545663622
30.633466304,-96.4814333459,13.1189953741,0.00248833798074
30.6334579478,-96.4814236737,13.1587677008,-0.0046716246814
30.6334495672,-96.4814139909,13.1221787829,0.00353596114679
30.6334411808,-96.4814042869,13.1178164566,0.00131900101418
30.6334328071,-96.481394588,13.1597121558,-0.00563382731935
30.633424418,-96.4813848771,13.1559447172,-5.73535665925e-05
30.633415999,-96.4813751593,13.1195796122,0.00162832239772
30.6334075788,-96.4813654527,13.1466494411,-0.00468326000636
30.6333991829,-96.4813557548,13.1413645438,0.001649176087
30.6333907751,-96.4813460616,13.1664297401,0.000994698207058
30.6333823599,-96.4813363578,13.1506069441,-0.00211532255592
30.6333739406,-96.4813266492,13.149572826,-0.000209308917459
30.6333655262,-96.4813169425,13.1470490649,0.00493316102671
30.6333570937,-96.4813072577,13.1416757057,-9.2831949811e-05
30.6333486712,-96.4812975761,13.1472328343,-0.00207527739546
30.6333402493,-96.48128787,13.1750119635,0.000153346236367
30.6333318259,-96.4812781457,13.1842235664,4.85628887153e-05
30.6333234009,-96.4812684439,13.1937563878,-0.00135845613385
30.6333149989,-96.4812587483,13.183512364,0.00136740107646
30.6333065775,-96.481249041,13.1820424485,-0.00618252435793
30.6332981537,-96.4812393311,13.1377777602,0.000495015494743
30.6332897595,-96.4812296523,13.1484201845,-0.00281546451987
30.6332813545,-96.4812199887,13.1698685522,-0.000722455384889
30.6332729449,-96.48121031,13.1749048291,-0.00355149448615
30.633264549,-96.4812006395,13.1674023668,0.00300879756627
30.6332561797,-96.4811909864,13.1300052034,-0.00548491328593
30.6332477998,-96.4811813553,13.0824984606,0.00281914631554
30.6332394168,-96.4811717292,13.0491999003,-0.00204969139535
30.6332310385,-96.4811621443,13.0730999901,-0.003221342081
30.633222665,-96.4811525627,13.0970869634,-0.00243797438927
30.6332143149,-96.4811429544,13.0902350932,-0.00105173816179
30.6332060129,-96.4811333461,13.0640017522,0.00575468710004
30.6331977135,-96.4811237823,13.0284382491,0.00280414084612
30.6331893735,-96.4811142595,12.9713259839,-0.00316907254384
30.6331810063,-96.4811047007,12.9010619799,-0.00137852837425
30.6331727042,-96.4810951931,12.9268457251,-0.00274721989637
30.6331644382,-96.4810857094,13.0014931683,-0.00665906757422
30.6331561624,-96.4810762186,12.9394488571,0.00238839469121
30.633147905,-96.4810667328,12.8861782019,0.00517084215794
30.6331396591,-96.4810572902,12.8378744345,-0.00221522105314
30.6331314105,-96.4810478421,12.8291243565,0.00275923396109
30.6331231654,-96.4810383994,12.8813998193,-0.00200227254424
30.6331149663,-96.4810289769,12.8499273839,-0.00318147549596
30.6331067764,-96.4810195525,12.7844836534,0.00163577490667
30.6330985692,-96.4810101249,12.7735927917,0.000230446120519
30.6330903956,-96.4810007465,12.7676250524,-0.00272492775262
30.6330822573,-96.480991396,12.7756707871,0.00344444462662
30.6330741261,-96.4809820645,12.7209378366,0.00229097872383
30.6330659753,-96.4809727224,12.6822297272,0.000111432692857
30.6330578476,-96.4809634049,12.6711438416,-0.00168637328595
30.6330497455,-96.4809541295,12.6698308422,-0.00154912378975
30.6330416703,-96.4809448436,12.6322583169,-0.000374829169929
30.6330335931,-96.4809355634,12.5952410771,0.00356767296333
30.6330255312,-96.4809263039,12.5817619532,-0.000425515294344
30.6330174847,-96.4809170676,12.5531517155,0.000108366560772
30.6330094583,-96.4809078528,12.5362392608,0.00157028837409
30.6330014505,-96.4808986679,12.5146667771,0.0023245331852
30.632993455,-96.480889505,12.4993685408,-0.00321127206098
30.6329854737,-96.4808803311,12.4946464605,0.0036924384968
30.6329775256,-96.4808711794,12.4643659588,0.00147960867707
30.6329696124,-96.4808620671,12.4556206812,0.00098389808673
30.6329617101,-96.4808529378,12.4205007266,0.00150531556754
30.6329537873,-96.4808437918,12.3548162905,0.00407486006801
30.6329458559,-96.4808346616,12.3440667958,0.00216318026082
30.6329379601,-96.4808255671,12.3444339691,0.000179956389594
30.6329300933,-96.4808165019,12.333770393,0.00204600876297
30.6329222364,-96.4808074349,12.2861603297,-0.0021476035004
30.632914388,-96.4807983915,12.2460716028,0.00229219867532
30.632906569,-96.4807893764,12.2502083129,0.00217831923457
30.6328987698,-96.4807803727,12.241795296,0.00024489934448
30.6328910059,-96.4807713848,12.2183032014,0.00549539464992
30.632883259,-96.4807623999,12.186665861,0.00471623041272
30.6328755087,-96.4807534175,12.1686111284,-0.00123702185705
30.6328677691,-96.48074444,12.1244977269,0.00239280762025
30.6328600593,-96.4807355018,12.1214978946,0.00198869768156
30.6328523831,-96.480726594,12.102297739,0.000756258941805
30.6328446957,-96.4807176813,12.0561103184,0.00346214990851
30.6328369955,-96.4807087629,12.0256034197,0.000890981606657
30.6328293186,-96.4806998756,12.0184971817,0.0019479862086
30.6328216807,-96.4806910313,11.9965939912,0.00790039656903
30.6328140505,-96.4806822052,11.9731288004,0.000374650988156
30.6328064212,-96.4806733805,11.9618103341,0.000240026006604
30.632798831,-96.4806645724,11.9478082411,0.000622546122004
30.6327912615,-96.4806557926,11.9119510662,0.000858652775248
30.6327836904,-96.4806470028,11.8839228293,0.000101880310949
30.6327761271,-96.4806382247,11.8687018584,0.00126860763034
30.6327686003,-96.4806294627,11.84077291,0.00245859576417
30.6327610975,-96.4806207192,11.830184801,0.00302066773863
30.6327535751,-96.4806119862,11.7825332607,0.000669782074503
30.6327460846,-96.4806032721,11.7538380044,0.007228429338
30.6327386386,-96.4805945951,11.7457579109,0.00452415115347
30.6327312217,-96.4805859324,11.7322952298,-4.53522240132e-06
30.6327237939,-96.480577251,11.702316742,0.00504970249903
30.6327163475,-96.4805685823,11.6336590212,0.000941822320592
30.6327089233,-96.4805599446,11.6316606844,0.00241630640487
30.6327015345,-96.4805513478,11.6696831061,0.00240721688512
30.6326941745,-96.4805427754,11.6435838858,0.00476807952626
30.6326868571,-96.4805342356,11.6051771712,0.0046084392832
30.6326795839,-96.4805257199,11.6076549504,0.00710392266338
30.6326723383,-96.4805171854,11.5717975264,0.0158237261776
30.6326651153,-96.4805086224,11.5079950629,0.0153530880008
30.6326578944,-96.4805000092,11.4392372263,0.020675278796
30.6326506841,-96.4804913692,11.3977389722,0.0215694265459
30.6326435087,-96.4804827175,11.4055238665,0.0171398591309
30.6326363921,-96.4804740717,11.3801786485,0.0195008520914
30.6326293455,-96.480465404,11.3505200036,0.0208988108738
30.632622372,-96.4804567514,11.3784179061,0.0209935577961
30.6326154365,-96.4804481354,11.3774823907,0.0171216556982
30.6326085307,-96.4804395222,11.3773988275,0.0245632381
30.632601643,-96.4804309104,11.3768271514,0.0172220367199
30.6325948026,-96.480422282,11.3564615414,0.0194014337913
30.632587978,-96.4804136411,11.3260849285,0.0225132244944
30.6325811655,-96.4804049811,11.245983032,0.0187545142327
30.6325743739,-96.4803963028,11.2338109358,0.0236674513897
30.6325676272,-96.480387647,11.2488834768,0.0216833379933
30.6325609014,-96.480378976,11.2282765876,0.0168402568962
30.6325541787,-96.4803702643,11.2275168111,0.0211286785598
30.6325474906,-96.4803615461,11.2176499174,0.0193474874958
30.6325408296,-96.4803528386,11.2016413329,0.0203977745695
30.6325341928,-96.4803441171,11.1659577663,0.0226347134069
30.6325275922,-96.4803353885,11.1635674314,0.0161393398408
30.6325210273,-96.4803266505,11.1555849797,0.0178608283341
30.6325144818,-96.480317907,11.1370448607,0.0222215779564
30.6325079618,-96.4803091623,11.1543611377,0.017798468933
30.6325014798,-96.4803003798,11.1341627056,0.0210407294719
30.6324950119,-96.4802915889,11.0974336715,0.0171340320829
30.6324885579,-96.4802827962,11.0460104304,0.0185918185151
30.6324821473,-96.4802740146,11.0618757215,0.0232445023922
30.6324757758,-96.4802652465,11.0776917385,0.0195947425985
30.632469436,-96.4802564545,11.0416692939,0.0157012988794
30.6324631066,-96.4802476383,10.9880458199,0.02335754582
30.6324568302,-96.4802388211,11.0229854352,0.0224104669508
30.6324505683,-96.4802300075,10.9918078385,0.0185777291849
30.6324443322,-96.4802211969,10.9519075217,0.0212611734792
30.6324381243,-96.4802123842,10.9459223648,0.0214066738121
30.6324319366,-96.480203561,10.9378007356,0.0170342755062
30.6324257642,-96.4801947276,10.9307520895,0.0141820262123
30.632419638,-96.4801858858,10.8903042284,0.0231180613623
30.632413557,-96.4801770456,10.9166705324,0.0210041793421
30.6324075071,-96.4801681961,10.883133713,0.0169393934887
30.632401464,-96.4801593476,10.8188627601,0.0229207915313
30.6323954065,-96.4801504869,10.8299651655,0.018094587837
30.6323893938,-96.4801416423,10.8139690697,0.0169587858175
30.6323834322,-96.480132796,10.8171973479,0.0160939865992
30.632377499,-96.4801239127,10.7865071822,0.018366645106
30.6323716048,-96.4801150301,10.8005967315,0.0198651311683
30.6323657319,-96.4801061666,10.7737467459,0.0186834276282
30.6323598682,-96.4800972912,10.7363897977,0.0181953179419
30.6323540628,-96.4800884393,10.7424039876,0.0256411916745
30.6323482618,-96.4800795754,10.6792927281,0.0122945432315
30.6323424911,-96.4800707047,10.679449743,0.0206467800348
30.6323367507,-96.4800618325,10.6717065922,0.0246226133904
30.6323310449,-96.4800529502,10.6289912066,0.0120293357139
30.6323253778,-96.4800440767,10.6568177104,0.0208995645956
30.6323197111,-96.4800352121,10.602554887,0.0181545274615
30.6323140562,-96.4800263491,10.5534407222,0.0177387892383
30.6323084332,-96.4800174664,10.5712548843,0.0188880739096
30.6323028666,-96.4800086138,10.5434004586,0.0204272969825
30.632297318,-96.4799997735,10.5252738859,0.0132807612124
30.6322917684,-96.4799909303,10.4739824473,0.0223016066413
30.6322862368,-96.4799821083,10.4705303195,0.0173413956534
30.6322807505,-96.4799732915,10.4507859777,0.0164218136305
30.6322753004,-96.4799644524,10.4287862044,0.018238803235
30.632269881,-96.479955598,10.3969323246,0.0164750183615
30.6322644879,-96.4799467482,10.3418376289,0.0280337971465
30.6322590956,-96.4799378918,10.3156355569,0.0171187622491
30.6322537532,-96.4799290453,10.3711752237,0.0134000347196
30.6322484546,-96.479920202,10.2930613204,0.0253163873103
30.6322431702,-96.4799113357,10.2756209126,0.0127755638204
30.6322379266,-96.4799024848,10.2984394756,0.0139339438707
30.6322327306,-96.4798936704,10.3020583594,0.0216541336068
30.6322275612,-96.47988486,10.2906643762,0.0178771009896
30.6322223898,-96.4798760347,10.2375997858,0.0137025880599
30.6322172254,-96.47986718,10.2327449807,0.0196957208232
30.6322120722,-96.4798583411,10.2075357327,0.0107722288961
30.632206966,-96.4798495285,10.2224406832,0.0226444973852
30.6322018736,-96.479840697,10.2492312912,0.0183227967592
30.6321967888,-96.4798318368,10.2172686586,0.0120236472892
30.6321917379,-96.4798229932,10.1574422854,0.0190620159739
30.6321867022,-96.4798141805,10.1771877852,0.00708413097969
30.6321816984,-96.4798053806,10.1509943089,0.012788685106
30.6321767083,-96.4797965891,10.100695886,0.0119254585822
30.6321717095,-96.4797878029,10.020028976,0.0151461390656
30.6321667299,-96.4797790281,10.0332782591,0.0111497147095
30.6321593316,-96.4797659515,10.0233581452,0.00899764136906
30.6321519863,-96.4797529075,9.93865055879,0.00881047953321
30.6321446817,-96.4797398965,9.9058621648,0.00543844568964
30.6321374287,-96.4797269263,9.84933041651,-0.00167486789524
30.6321302179,-96.4797140168,9.82932812399,0.000591936095173
30.6321230014,-96.4797011564,9.74981772327,0.00178437590237
30.6321157864,-96.4796883503,9.71400328188,-0.00256048736188
30.6321086025,-96.4796756264,9.68552828097,-0.00288147798249
30.6321014349,-96.479662977,9.64952244094,-0.0072829927761
30.6320942617,-96.4796504005,9.59238862247,-0.00632749316542
30.6320871381,-96.47963791,9.58071652627,-0.00772546977514
30.6320799874,-96.4796254749,9.51787093189,-0.00917159475488
30.6320727973,-96.4796131192,9.4803327943,-0.0146215839845
30.6320656307,-96.479600834,9.42327522514,-0.0148127922773
30.6320585128,-96.4795885852,9.40467710833,-0.0107423707601
30.6320514538,-96.4795765038,9.393457729,-0.0107900061194
30.6320443316,-96.4795645054,9.32017997753,-0.0120333690001
30.6320371537,-96.4795526121,9.26205767169,-0.0166192596146
30.6320299948,-96.4795407873,9.25021437554,-0.0185576258987
30.6320228431,-96.4795289691,9.15250902455,-0.0190033537637
30.6320156645,-96.4795172164,9.07895938458,-0.0171971431497
30.6320084688,-96.479505568,9.05662009796,-0.0200583940375
30.6320012894,-96.4794940625,9.02335709008,-0.0266758851395
30.6319941186,-96.4794826341,8.98299613114,-0.01793778929
30.6319869358,-96.4794712503,8.92911301358,-0.0186062277544
30.6319797652,-96.4794599897,8.93133131495,-0.0217920489778
30.6319724752,-96.4794487908,8.85545260322,-0.0259347904609
30.6319651516,-96.4794377706,8.82113268492,-0.0376662842366
30.6319578964,-96.4794268375,8.79868950947,-0.0291768964791
30.6319506483,-96.4794158718,8.70275230687,-0.0279688164465
30.6319434403,-96.4794050821,8.69319656257,-0.019672610886
30.6319361246,-96.479394445,8.66882737141,-0.0335880978888
30.6319286891,-96.4793838721,8.54401702377,-0.0433230572858
30.6319212563,-96.4793733804,8.58860456031,-0.0534439774913
30.6319138561,-96.4793630044,8.5196354245,-0.0416092806165
30.6319063481,-96.4793527596,8.43476197016,-0.0452116439518
30.6318988232,-96.4793425583,8.43767071326,-0.0490499247339
30.6318913775,-96.4793326049,8.43996432956,-0.0303133832454
30.6318837553,-96.4793227395,8.36203065257,-0.0181972328705
30.6318761289,-96.4793129648,8.35574256959,-0.0218174278954
30.6318686566,-96.4793032246,8.31173701204,-0.0250023084847
30.6318612378,-96.4792935277,8.2889242788,-0.0224622082836
30.6318537389,-96.4792838693,8.24512722212,-0.0251205620785
30.6318463879,-96.4792743017,8.169085205,-0.0284919482347
30.6318389073,-96.4792647307,8.08505257131,-0.0224315046748
30.6318313351,-96.4792554328,8.09584122114,-0.0258897560622
30.6318237391,-96.4792463481,8.00704688533,-0.0371039037464
30.6318162588,-96.4792372708,7.93983007911,-0.0301910255309
30.6318088765,-96.4792282853,7.73910147973,-0.0189267440468
30.6318015745,-96.479219523,7.68527754102,-0.0256449929686
30.6317943531,-96.4792109835,7.5716656341,-0.0275850267631
30.6317871845,-96.479202678,7.45562102883,-0.0239377439296
30.6317800805,-96.4791945573,7.31966290301,-0.022164721172
30.6317731151,-96.4791865846,7.14972552321,-0.0151079462006
30.6317663729,-96.4791786806,7.03516148022,-0.00929865182231
30.6317598504,-96.4791708571,6.87099991083,0.00089031118896
30.6317534046,-96.4791631934,6.76420755213,0.00891154698113
30.6317470236,-96.4791556384,6.75787113965,0.0110780036945
30.6317407371,-96.4791480399,6.69981380632,0.0155087986927
30.6317346442,-96.4791402998,6.6592697883,0.0295298122026
30.631726763,-96.4791299057,6.63142734587,0.0331975156546
30.6317190156,-96.4791196244,6.57937698216,0.035294446726
30.6317112351,-96.4791094906,6.50642715078,0.0390100951209
30.6317036954,-96.4790992764,6.45763237558,0.0390429683949
30.6316965378,-96.4790888451,6.43582074588,0.0532442326208
30.6316895738,-96.4790783188,6.37490314552,0.0595581220133
30.6316827018,-96.479067813,6.3628636155,0.0657401166181
30.6316760799,-96.4790571819,6.35393200527,0.0706782422521
30.6316698694,-96.4790462575,6.33139291371,0.0795493463336
30.6316639038,-96.4790351842,6.36453332143,0.0811481969892
30.6316580177,-96.4790240314,6.35047028485,0.0812006375196
30.6316523511,-96.4790127535,6.35442691765,0.082937064413
30.6316469627,-96.4790012409,6.36752412277,0.0886365063368
30.6316418516,-96.4789896078,6.37470960208,0.0857101106923
30.6316368389,-96.4789779024,6.35128117397,0.0827572679531
30.6316320307,-96.4789660624,6.3654484671,0.0796656892227
30.6316274884,-96.4789540877,6.37581069185,0.08280478663
30.6316231704,-96.4789419939,6.4060188653,0.0818293311542
30.6316190337,-96.4789298206,6.37523236635,0.083346928933
30.6316150935,-96.4789175376,6.3609323206,0.0836962073655
30.6316113216,-96.4789051801,6.36894905778,0.0812116008991
30.6316077936,-96.4788927404,6.37601266506,0.0840689111917
30.6316045177,-96.478880208,6.36189940715,0.0790670833208
30.6316015162,-96.4788676052,6.33533803251,0.0866349260554
30.6315987136,-96.4788549752,6.36905828377,0.0816662935117
30.6315960727,-96.4788422632,6.31897203412,0.0813129332204
30.6315936751,-96.4788295382,6.32992262919,0.0812788999438
30.631591507,-96.4788167549,6.30096910907,0.0804556620223
30.6315895985,-96.4788040063,6.30259954281,0.0825413832399
30.6315878915,-96.4787912309,6.26999278043,0.0806886529383
30.6315864462,-96.4787784429,6.27769853669,0.0817696834291
30.6315852471,-96.4787656772,6.24979192762,0.0792482516755
30.6315842499,-96.4787529004,6.24473694801,0.0842592901649
30.6315834856,-96.4787400816,6.24122595538,0.0829713637662
30.6315830018,-96.4787273239,6.2685031981,0.0859425366696
30.6315828013,-96.4787144802,6.25186760842,0.0913834193381
30.6315828759,-96.4787016662,6.21652047375,0.0888694935738
30.6315831548,-96.4786889226,6.19743647334,0.0869235251213
30.6315836403,-96.4786761946,6.17865133848,0.0861502841161
30.6315843263,-96.4786635531,6.18560151506,0.0862734063344
30.631585262,-96.4786509501,6.18441449817,0.0819085295504
30.6315864007,-96.4786383286,6.16373793254,0.0771917795753
30.6315876851,-96.4786257734,6.15093462622,0.0759918482389
30.6315891692,-96.4786132558,6.09659118297,0.0772285520832
30.6315908902,-96.4786008444,6.11009973657,0.0794464162856
30.6315928806,-96.4785885052,6.09607207013,0.0818246570941
30.6315950729,-96.478576281,6.08036060446,0.0786920844823
30.6315974341,-96.4785640676,6.08430767476,0.0753958309289
30.6316000017,-96.4785519131,6.07545173245,0.0841805535142
30.631602759,-96.4785398645,6.0987365257,0.0761136507737
30.6316057651,-96.478527822,6.06429597059,0.07357483693
30.6316089747,-96.4785159133,6.04778684228,0.0777358757893
30.6316123495,-96.4785040832,6.04790994153,0.0747097507825
30.6316158812,-96.4784923399,6.06841676371,0.0819096508691
30.6316195583,-96.4784805918,6.04330107127,0.0648618249227
30.6316234333,-96.4784689869,6.04620698728,0.0703044448487
30.6316275395,-96.4784574928,6.02657541018,0.073141561917
30.6316317881,-96.4784460575,6.04719808088,0.0735190036169
30.6316361413,-96.4784346813,6.03114226916,0.0726634903368
30.6316406373,-96.4784234452,6.05208475097,0.0707835626814
30.6316454389,-96.4784123668,6.02274105165,0.0796621293626
30.631650475,-96.4784014591,5.99292169366,0.0822814005966
30.6316556286,-96.478390617,5.98256348856,0.0829723776704
30.6316609511,-96.4783799459,6.00159582806,0.0787782521913
30.631666495,-96.4783694084,5.99118353189,0.0764514215957
30.6316722197,-96.4783590052,5.99929399344,0.079468235693
30.6316780107,-96.478348689,6.01504496444,0.0734011954525
30.6316839896,-96.4783385529,5.99161063156,0.077160855295
30.6316902379,-96.4783286153,5.98228309265,0.0872193388215
30.6316966094,-96.4783187957,5.97274591382,0.0757386080507
30.6317030373,-96.4783090136,5.95803757584,0.0691668918237
30.6317096558,-96.4782994402,5.97467494695,0.0784181213539
30.6317164923,-96.478290067,5.96976838334,0.0798225236162
30.6317234989,-96.478280816,5.97452131383,0.0750409934905
30.6317305486,-96.4782716504,5.96852020534,0.0735376164118
30.6317377495,-96.4782625825,5.97159742639,0.0611664244784
30.6317450192,-96.478253553,5.9802091442,0.0503493412545
30.6317523096,-96.4782445677,5.99558219777,0.0463603960448
30.6317597184,-96.478235669,5.97689243808,0.0460069359311
30.6317671513,-96.4782268086,5.97704588734,0.0366567324953
30.6317745727,-96.4782179321,5.98242768554,0.032039134051
30.6317820463,-96.4782090767,5.98616238363,0.0300368729479
30.6317896503,-96.4782003344,5.97941973284,0.0223322919226
30.6317972894,-96.478191547,5.96795601678,0.0200361763388
30.6318048371,-96.4781826032,5.99115102435,0.00906036032079
30.6318123436,-96.4781736358,6.00214907326,0.00692265239092
30.6318199286,-96.4781646995,5.98666794144,0.00822078857537
30.6318275914,-96.4781559247,5.99106953966,0.0110812914656
30.6318352467,-96.4781470833,5.99265839509,0.0181944428569
30.6318428933,-96.4781382699,6.01040559187,0.0130720990417
30.6318505882,-96.4781294949,6.03128998317,0.0129232372291
30.6318583003,-96.4781207538,6.02710216081,0.00681876099176
30.6318660203,-96.4781119961,6.03128537907,0.0111537195327
30.6318737614,-96.4781032688,6.00726888015,0.00969363943887
30.6318815388,-96.4780945486,6.01560244224,0.00643805938338
30.6318893364,-96.4780858653,6.02873902568,0.00497946921144
30.6318971299,-96.4780771073,6.00064290787,0.00888113118687
30.6319049118,-96.4780683544,6.01336976733,0.00253536594181
30.6319126454,-96.4780595066,6.00616811206,-0.00300018046242
30.6319204151,-96.4780506196,6.03244787954,-0.00511820893269
30.6319281799,-96.4780417721,6.05007662086,-0.00393410740497
30.6319359869,-96.4780328208,6.03039217866,-0.00869167973628
30.6319436998,-96.4780238138,6.06276859724,0.00355980614515
30.6319514599,-96.4780147446,6.0709487402,-0.00718391989983
30.6319592114,-96.4780056885,6.09282500422,-0.0101376606948
30.6319670021,-96.4779966396,6.09620369724,-0.00572707492804
30.631974782,-96.4779875841,6.12701632222,-0.00116594602451
30.6319825978,-96.4779785502,6.12126162308,-0.000731046748661
30.6319904145,-96.4779694312,6.1475843561,-0.00169135747033
30.631998245,-96.477960244,6.15228200351,-0.000379016342451
30.6320061828,-96.4779511857,6.20158311446,0.00472014899616
30.6320142175,-96.4779421739,6.20600323897,0.00362468431783
30.6320221778,-96.477933025,6.22781680155,0.00378514836254
30.6320300996,-96.4779237474,6.27330490231,0.000904884564571
30.6320381031,-96.4779145512,6.28480674464,0.0046437517761
30.6320462286,-96.4779053811,6.28202317096,0.00488557861239
30.6320543299,-96.4778960526,6.29035237812,0.00346350918531
30.6320624158,-96.4778867084,6.31726046709,0.0036623391195
30.632070606,-96.4778773835,6.34233094371,-6.21995084028e-05
30.6320788149,-96.4778680383,6.3790441534,0.00266526253224
30.6320870101,-96.4778586675,6.38487552884,0.00162665100585
30.6320952105,-96.477849254,6.40486228029,-0.000707489278148
30.6321034517,-96.4778398873,6.39869008017,0.000157346165048
30.632111779,-96.4778305342,6.37354452257,0.00107030614622
30.632120061,-96.4778211492,6.37609768314,0.00277571490373
30.6321282899,-96.4778116851,6.38750783627,-0.00236583197744
30.6321365104,-96.4778021763,6.39004120112,-0.00233585770989
30.6321447255,-96.4777928389,6.39632778106,0.00056804823361
30.6321529827,-96.4777834995,6.36655435001,0.00874975841574
30.6321611641,-96.4777741093,6.39548067505,-0.00271582628751
30.6321693258,-96.4777646556,6.40151117791,-0.000661733793514
30.6321775111,-96.4777551928,6.40184324614,0.00281768975899
30.6321857242,-96.4777457614,6.39744491357,0.000205730230629
30.6321939541,-96.4777363146,6.38766204079,-0.00123198834345
30.6322021642,-96.4777268904,6.41409509353,0.00129342763857
30.6322103705,-96.4777175164,6.35472579685,-0.00475550019892
30.6322185355,-96.4777081079,6.38108422361,-0.00619997157375
30.6322266716,-96.4776987445,6.33083458032,-0.00358138913257
30.6322347637,-96.4776893761,6.34130617039,-0.00402110930544
30.6322428582,-96.4776799945,6.31155596968,-0.00293835398709
30.6322509198,-96.4776706919,6.32174145578,-0.00214419465036
30.6322589554,-96.4776614116,6.26569422174,0.000657323544023
30.6322669214,-96.4776522465,6.23209578177,-0.00390129988719
30.6322747737,-96.4776430902,6.16741754437,0.00606015681036
30.6322825229,-96.4776340792,6.09178381273,-0.00815525123761
30.6322902784,-96.4776250768,6.08711346,-0.00968608087252
30.632297972,-96.4776161575,6.01925265745,-0.00752148641628
30.6323056577,-96.4776072347,5.95683931345,-0.0011435160478
30.6323132736,-96.4775983707,5.91195536552,-6.6606025736e-05
30.6323208728,-96.4775895488,5.85456215819,-0.00188456128144
30.632328388,-96.4775808377,5.81679915273,3.02493329294e-06
30.6323358428,-96.4775721736,5.80115047111,-0.00324680805334
30.6323432139,-96.4775636282,5.81091237381,-0.000761140481757
30.6323505814,-96.4775550903,5.76014523086,0.00247463388934
30.6323579126,-96.4775465936,5.74928950413,0.000353344009591
30.6323652579,-96.4775380857,5.70683301758,-0.00147111905609
30.6323725826,-96.4775295629,5.72040201272,0.000469681792153
30.6323798661,-96.4775211489,5.71846911561,-0.00032192404641
30.6323871618,-96.4775127145,5.67326524234,-0.00223535197964
30.6323943907,-96.4775042579,5.70721813767,-0.00558237071458
30.6324016206,-96.4774957681,5.69373849281,-0.00208969963589
30.6324088789,-96.4774873416,5.7393757845,0.00486805698593
30.6324162002,-96.4774789034,5.6951199174,0.000681798413302
30.6324234763,-96.4774704019,5.68673892245,0.00290879720217
30.6324307519,-96.4774618712,5.68737625053,-0.000192097417269
30.6324380203,-96.4774534606,5.73087571666,0.00133470846869
30.6324453644,-96.4774450488,5.73226854844,-0.00211387976582
30.6324526599,-96.4774365935,5.74262722135,0.00234661458579
30.6324599277,-96.4774280693,5.7433272334,-0.0015490762297
30.6324672188,-96.4774195733,5.75011236434,0.000163175277747
30.6324745606,-96.4774110565,5.7274530685,-0.00342757408174
30.6324818753,-96.4774025292,5.75141023458,-0.00509244577092
30.6324891954,-96.4773939577,5.75134627664,-0.00148094892244
30.6324964966,-96.477385404,5.77390250236,0.00168739639279
30.6325038377,-96.4773768633,5.78399608734,0.000824242910431
30.632511171,-96.4773682994,5.80254025116,0.00335550487456
30.6325185024,-96.4773597275,5.79485460091,0.00193693681388
30.6325258691,-96.4773511023,5.79784273034,0.000612259191568
30.632533239,-96.4773424421,5.81284529021,-0.00321617307584
30.6325406329,-96.4773338131,5.7969199636,-4.90694562862e-07
30.6325480461,-96.4773252146,5.83149659473,0.0042321118431
30.6325554324,-96.477316627,5.80507580832,1.27130528984e-05
30.6325627934,-96.4773079961,5.80840952332,-0.00190657324642
30.6325700978,-96.4772993761,5.82971321601,-0.000910096735377
30.6325774485,-96.4772907459,5.7974875592,-0.000106750912109
30.6325848095,-96.4772821556,5.79748469407,0.00126442746307
30.6325921418,-96.4772735541,5.78562103138,-6.35493650772e-05
30.6325994489,-96.4772649345,5.78381748853,5.53156414553e-05
30.6326067029,-96.4772563697,5.76088768216,-0.00258468945527
30.63261399,-96.477247816,5.74497367893,0.00170536889281
30.6326212417,-96.4772393509,5.69189238728,-0.00262706466341
30.6326284891,-96.4772308617,5.710440201,-0.00374884938737
30.6326357089,-96.477222415,5.68751505848,0.00554817284658
30.632642922,-96.4772140658,5.67233168335,0.00920064644624
30.6326502116,-96.4772058514,5.63450222137,0.00718408192301
30.6326575053,-96.4771977007,5.6080837428,0.00896502986323
30.6326646999,-96.4771895648,5.58715111731,0.00473156139487
30.6326718542,-96.4771814373,5.57374702148,0.00575113586023
30.6326789911,-96.4771733319,5.56233574583,0.0090992754913
30.6326861257,-96.477165299,5.55086655605,0.00983945069801
30.6326932975,-96.4771572452,5.54711089958,0.00571153522842
30.6327004519,-96.4771492576,5.56118484082,0.00709612169671
30.6327076007,-96.4771412171,5.54217690049,0.00648750945265
30.6327147876,-96.4771331793,5.5379971513,0.00519616374953
30.6327219799,-96.4771251499,5.55102308661,0.00592048728698
30.6327291746,-96.4771171404,5.55288936008,0.000778960411338
30.6327364201,-96.4771091065,5.56148559809,0.00280955154664
30.6327436139,-96.4771010265,5.57965125904,-0.00306879835702
30.6327508777,-96.4770928824,5.5596664735,-0.000613936498045
30.6327581257,-96.4770847147,5.62014123147,-0.0039302504525
30.6327654065,-96.4770764819,5.63862497528,-0.00313771434703
30.6327727137,-96.477068094,5.68955585145,-0.0117511222525
30.6327800131,-96.4770596827,5.74658688877,-0.00690871147387
30.6327873863,-96.477051179,5.77281475974,-0.00484296967003
30.6327947786,-96.4770426137,5.83256472319,-0.000748259401413
30.6328022289,-96.4770340293,5.82264467829,-0.00907059568177
30.6328097446,-96.4770253416,5.87551101831,-0.00889525207627
30.6328172872,-96.4770165686,5.91364964935,-0.00886215556558
30.632824781,-96.4770077301,5.95723826441,-0.00374112021973
30.6328323624,-96.4769987641,5.96830772529,-0.00722869359301
30.6328400203,-96.4769897607,6.08070007069,-0.00197656827186
30.6328477792,-96.4769806618,6.12363246769,-0.00560986333564
30.6328555436,-96.4769714823,6.2209224568,-0.0100255656587
30.6328634181,-96.4769621357,6.24046128303,-0.0101452764231
30.6328712933,-96.4769526503,6.33167115242,-0.00620278115832
30.6328792085,-96.4769430993,6.37667918361,-0.00342845463394
30.632887259,-96.476933448,6.43728312901,-0.00136200673517
30.6328953945,-96.476923781,6.5237449182,-0.00306759724002
30.6329035856,-96.4769139141,6.56487916916,-0.0016954801075
30.6329117797,-96.4769039178,6.62166708338,-0.00171778944045
30.6329180226,-96.4768963798,6.64690736965,0.00335984372664
30.6329243563,-96.4768888566,6.70614892914,0.00270947334113
30.6329307015,-96.4768813459,6.78476846987,0.00687224417519
30.6329370884,-96.476873753,6.80715318799,0.00586939023312
30.6329435424,-96.4768661367,6.84228651118,0.00607573400674
30.6329500379,-96.4768584689,6.88351228758,0.00313862523907
30.6329565351,-96.476850735,6.92633890327,0.00425550851493
30.6329630501,-96.4768429431,6.96927002275,0.00218591651582
30.6329696945,-96.4768351586,6.96326897016,0.00838523679971
30.6329764511,-96.476827424,6.99766000162,0.00585695584866
30.6329832018,-96.476819724,7.04385108804,0.00375448059197
30.6329898544,-96.476811815,7.07261305716,-0.000640277261644
30.6329964644,-96.4768037907,7.10793208401,-0.00263989223786
30.6330031829,-96.4767957464,7.13638945805,-0.00260228815111
30.6330100397,-96.4767878253,7.19034211636,-0.000424551515467
30.6330169165,-96.4767799612,7.23194145887,0.00563997240608
30.6330237986,-96.4767719563,7.22563989652,0.00984101657997
30.6330306415,-96.4767638802,7.23331101645,0.0024418601925
30.6330375163,-96.4767557625,7.27274795176,0.00889672028137
30.633044478,-96.4767476245,7.2562307487,-0.00269623011195
30.6330514747,-96.4767395576,7.3320566352,0.00986797449022
30.6330585466,-96.4767314585,7.31314726154,-0.00355957085144
30.6330656235,-96.4767233081,7.33068010625,0.00372975521836
30.6330726594,-96.4767152019,7.38881853822,-0.00155818198152
30.6330797356,-96.4767069685,7.43651068815,0.00289178040336
30.633086831,-96.4766986861,7.35232121285,0.00647577671212
30.6330938848,-96.476690578,7.44132848799,0.00959597564843
30.6331010388,-96.4766823953,7.46113725926,0.0115144108631
30.6331082371,-96.4766741584,7.41843413894,-0.00145253688757
30.6331153343,-96.4766660406,7.47654335103,0.00652890130968
30.63312237,-96.4766578612,7.41382867041,-9.75126752003e-05
30.6331295586,-96.4766495695,7.37305042372,0.00763468531657
30.6331368133,-96.476641322,7.51908018572,0.00247704355526
30.6331440351,-96.4766331965,7.55645189918,0.00109906695295
30.6331512577,-96.476625023,7.49577556373,0.00322950938921
30.6331584789,-96.4766167314,7.46640215807,0.00369934183121
30.6331656944,-96.4766084187,7.50005276397,-0.00481265584365
30.6331729155,-96.4766001773,7.51283447307,-0.00382954753134
30.6331801507,-96.4765919299,7.50160102648,0.00306417350647
30.6331874387,-96.4765836109,7.54921228918,-1.94550919809e-05
30.6331946791,-96.4765753256,7.55732026688,-0.00751782184783
30.6332018636,-96.4765670177,7.59973351695,-0.00351113343928
30.6332090798,-96.4765586598,7.55841280237,-0.00480161550249
30.6332163245,-96.4765502517,7.5411151465,0.00284887599822
30.6332235666,-96.4765418573,7.56272153827,0.00246816254635
30.6332308013,-96.476533493,7.60801450952,-0.00198652011108
30.6332380881,-96.4765250642,7.54696164517,-6.97962428661e-05
30.6332453794,-96.4765166067,7.55161482575,0.00111426770342
30.6332526203,-96.4765082059,7.6328521019,-0.00292298767679
30.6332598763,-96.4764997482,7.6016053122,-0.000207828503009
30.6332671664,-96.4764912325,7.63210755706,0.000952172919049
30.633274457,-96.4764827802,7.61632519232,-0.00143519630782
30.6332817671,-96.4764743346,7.64229609035,-0.000961278453173
30.6332890408,-96.4764658841,7.63871355,-0.00231927937956
30.6332962979,-96.4764574258,7.62450755829,-0.00189013927026
30.6333035414,-96.476448927,7.59368176753,-0.00295288293862
30.6333107755,-96.4764404926,7.63604957712,-0.00639307019348
30.6333180228,-96.476432037,7.60301509526,-0.00114239020352
30.6333252699,-96.4764235614,7.59708365878,-0.00476644472279
30.6333325295,-96.476415126,7.58550245622,-0.00255701050816
30.6333398105,-96.4764066411,7.5787187643,-0.000529773891255
30.6333470652,-96.4763981644,7.62616286739,-0.00108121718259
30.6333542885,-96.4763897137,7.65050949949,-0.00306280752127
30.633361511,-96.4763811876,7.62086820445,-0.00242497297278
30.6333687092,-96.4763726779,7.63091436029,-0.004979338629
30.6333759137,-96.4763641962,7.661717133,-0.00387323469335
30.6333831584,-96.4763557066,7.65394703428,-0.00436712669066
30.6333904125,-96.4763471912,7.64476738649,-0.000664174989828
30.6333976228,-96.4763385956,7.63537946349,0.00911109218631
30.6334048915,-96.4763299934,7.72550066385,0.00532659593086
30.6334121054,-96.4763214444,7.67349424757,0.00506804500549
30.63341938,-96.4763128225,7.63255090915,0.00175276455528
30.6334267251,-96.4763042567,7.66216493646,0.00333928378321
30.633434081,-96.4762958015,7.73307855209,0.00506965493992
30.6334414159,-96.4762872817,7.73326622911,0.0155998514017
30.6334486859,-96.4762786218,7.6811911587,0.00555286901844
30.6334559639,-96.4762699899,7.6802966928,0.00150828515961
30.6334633409,-96.4762614658,7.7027915637,0.00399234247423
30.6334707432,-96.4762529072,7.71152395079,0.00771599731822
30.6334781116,-96.4762443296,7.71404383682,0.00866485527205
30.6334854922,-96.4762357196,7.73348191704,0.0106531616771
30.6334928866,-96.4762271262,7.72078446537,0.0045177811109
30.633500317,-96.4762185462,7.75835934543,0.00381255268823
30.6335077433,-96.4762100118,7.75859015488,0.00478464469892
30.6335151818,-96.4762015129,7.7743752339,-0.000470982462582
30.6335226239,-96.4761929165,7.80975311761,-0.0043252702049
30.6335300374,-96.4761842939,7.81273390061,-0.00992837509545
30.6335374528,-96.4761756355,7.8042835653,-0.00298707327457
30.6335449051,-96.4761670026,7.81777189563,0.00239242304095
30.6335524167,-96.4761583684,7.78315079125,0.00216775374615
30.6335599026,-96.4761497354,7.80808821277,-0.00499728179071
30.633567333,-96.4761410524,7.80418471481,-0.000830039067247
30.6335747234,-96.4761322725,7.80035972015,0.00552594723142
30.6335821555,-96.4761235789,7.81408809259,-0.00262421166279
30.6335896717,-96.4761149713,7.82811953096,-0.00374445477196
30.633597187,-96.4761063997,7.81260047368,0.00159083517569
30.6336046702,-96.4760978565,7.77805879588,0.00548827924231
30.6336120916,-96.4760893266,7.75285558459,0.00216608104247
30.6336194802,-96.4760807659,7.745312939,-0.00631756341159
30.6336268173,-96.4760722508,7.7218749184,-0.00835486413581
30.6336341466,-96.4760637521,7.68666194225,-0.000486419316205
30.6336414804,-96.4760552791,7.66660679325,-0.00662181858824
30.6336487892,-96.4760468625,7.65282503577,-0.000938005932852
30.6336560635,-96.4760384361,7.62770709702,0.0106210281128
30.6336633558,-96.4760301331,7.62136942946,0.0178675511313
30.6336707012,-96.476021894,7.58443792023,0.0260653750997
30.6336780326,-96.4760136972,7.59626733963,0.0236481190424
30.6336854306,-96.4760055804,7.58576521308,0.0273430452644
30.6336929578,-96.4759975985,7.58637876506,0.0260207434998
30.6337005465,-96.4759897307,7.58306591201,0.0337850090289
30.6337081484,-96.4759819128,7.57378341558,0.0371661085796
30.6337157305,-96.4759740721,7.56904194328,0.0304745871345
30.6337233455,-96.4759663073,7.57893425837,0.0293412639809
30.633731007,-96.4759586492,7.56331305029,0.0306585739228
30.6337387332,-96.4759510182,7.53165979979,0.0296424142429
30.6337464939,-96.4759435253,7.53723015053,0.0316514628162
30.6337542632,-96.4759361375,7.49916670775,0.0376946064668
30.6337621295,-96.4759288331,7.47412365613,0.0397393542657
30.6337700043,-96.475921617,7.48573612336,0.0358305892624
30.6337778197,-96.4759144174,7.4697123392,0.0363670648334
30.6337856648,-96.4759072384,7.43307697071,0.0338749937772
30.6337935867,-96.4759002309,7.40505396799,0.033394345071
30.6338015794,-96.4758933949,7.40549665312,0.0350806215019
30.6338095733,-96.4758866288,7.37716235283,0.0326896975211
30.6338175222,-96.4758798335,7.32276040534,0.0364966685728
30.633825446,-96.4758730689,7.30872033272,0.0364631103727
30.6338333901,-96.4758664338,7.28830022052,0.0302005750362
30.6338413652,-96.4758599235,7.23241011318,0.0359384706917
30.6338493501,-96.4758535371,7.2165362665,0.03866768631
30.6338573382,-96.4758472206,7.1565789265,0.0398675616356
30.6338653211,-96.4758409934,7.1553277928,0.0362201632344
30.6338733328,-96.4758348146,7.14556449465,0.0369288900547
30.6338813594,-96.4758286852,7.12215653679,0.037809521763
30.6338893723,-96.4758226735,7.11866945027,0.0376258256545
30.6338974485,-96.4758167367,7.08030650264,0.036610477813
30.6339055616,-96.4758109332,7.08204008822,0.0364706678034
30.6339136669,-96.4758052048,7.08037697356,0.0357738013158
30.6339217737,-96.4757995103,7.04648423249,0.0369031131104
30.6339298531,-96.4757939081,7.03310165577,0.0429206635969
30.6339379486,-96.4757883878,7.01261650943,0.0369807195879
30.6339460748,-96.4757829378,7.00309717269,0.0314723401193
30.633954203,-96.4757775448,6.984534979,0.0318282875273
30.6339623158,-96.475772191,6.96698507056,0.0367413729545
30.6339704564,-96.4757669013,6.92832886058,0.0339639476072
30.6339786335,-96.4757617033,6.91243992201,0.0350923453448
30.6339868409,-96.4757566061,6.87913680833,0.0367754897922
30.6339950427,-96.4757515755,6.87834630574,0.0350024155981
30.6340032078,-96.4757466013,6.86672196366,0.0386197796267
30.6340113903,-96.4757416505,6.81871751427,0.0374447122369
